DIRECCION,Fecha,Instalaciones,Activaciones_automaticas,Ativaciones_manuales,%Act_Manuales
CENTRO,2023-01-01,343,330,13,0.0379
CENTRO,2023-01-02,2431,1970,461,0.18963
CENTRO,2023-01-03,2765,2415,350,0.12658
CENTRO,2023-01-04,2930,2434,496,0.16928
CENTRO,2023-01-05,3035,2671,364,0.11993
CENTRO,2023-01-06,2300,1933,367,0.15957
CENTRO,2023-01-07,3889,3276,613,0.15762
CENTRO,2023-01-08,2409,2139,270,0.11208
CENTRO,2023-01-09,3992,3552,440,0.11022
CENTRO,2023-01-10,3069,2591,478,0.15575
CENTRO,2023-01-11,3576,3153,423,0.11829
CENTRO,2023-01-12,3754,3067,687,0.183
CENTRO,2023-01-13,3233,2754,479,0.14816
CENTRO,2023-01-14,3402,3154,248,0.0729
CENTRO,2023-01-15,2847,2542,305,0.10713
CENTRO,2023-01-16,3966,3374,592,0.14927
CENTRO,2023-01-17,3869,3381,488,0.12613
CENTRO,2023-01-18,5309,4348,961,0.18101
CENTRO,2023-01-19,6254,4543,1711,0.27358
CENTRO,2023-01-20,6052,4985,1067,0.17631
CENTRO,2023-01-21,6213,5733,480,0.07726
CENTRO,2023-01-22,4574,4193,381,0.0833
CENTRO,2023-01-23,5701,4588,1113,0.19523
CENTRO,2023-01-24,5611,4996,615,0.10961
CENTRO,2023-01-25,5019,4524,495,0.09863
CENTRO,2023-01-26,5434,4935,499,0.09183
CENTRO,2023-01-27,4637,4236,401,0.08648
CENTRO,2023-01-28,7341,6548,793,0.10802
CENTRO,2023-01-29,5965,4609,1356,0.22733
CENTRO,2023-01-30,6458,5558,900,0.13936
CENTRO,2023-01-31,7185,6580,605,0.0842
CENTRO,2023-02-02,5585,4963,622,0.11137
CENTRO,2023-02-03,5938,5328,610,0.10273
CENTRO,2023-02-04,7166,6397,769,0.10731
CENTRO,2023-02-05,4153,3857,296,0.07127
CENTRO,2023-02-06,5008,4427,581,0.11601
CENTRO,2023-02-07,6007,5312,695,0.1157
CENTRO,2023-02-08,5675,4859,816,0.14379
CENTRO,2023-02-09,6244,5654,590,0.09449
CENTRO,2023-02-10,6171,5644,527,0.0854
CENTRO,2023-02-11,6476,5820,656,0.1013
CENTRO,2023-02-12,4496,4159,337,0.07496
CENTRO,2023-02-13,5852,5379,473,0.08083
CENTRO,2023-02-14,5551,5025,526,0.09476
CENTRO,2023-02-15,5929,5132,797,0.13442
CENTRO,2023-02-16,6081,5252,829,0.13633
CENTRO,2023-02-17,5903,5489,414,0.07013
CENTRO,2023-02-18,7147,6472,675,0.09445
CENTRO,2023-02-19,5411,4968,443,0.08187
CENTRO,2023-02-20,6206,5633,573,0.09233
CENTRO,2023-02-21,4533,4206,327,0.07214
CENTRO,2023-02-22,4525,4099,426,0.09414
CENTRO,2023-02-23,4365,3814,551,0.12623
CENTRO,2023-02-24,4388,3895,493,0.11235
CENTRO,2023-02-25,4909,4313,596,0.12141
CENTRO,2023-02-26,3535,3141,394,0.11146
CENTRO,2023-02-27,4066,3629,437,0.10748
CENTRO,2023-02-28,4079,3597,482,0.11817
CENTRO,2023-03-01,3790,3437,353,0.09314
CENTRO,2023-03-02,3795,3162,633,0.1668
CENTRO,2023-03-03,3723,3200,523,0.14048
CENTRO,2023-03-04,4281,3732,549,0.12824
CENTRO,2023-03-05,3253,2882,371,0.11405
CENTRO,2023-03-07,3651,2989,662,0.18132
CENTRO,2023-03-08,3614,3085,529,0.14638
CENTRO,2023-03-09,3129,2621,508,0.16235
CENTRO,2023-03-10,2283,1915,368,0.16119
CENTRO,2023-03-11,2863,2562,301,0.10513
CENTRO,2023-03-12,2265,2105,160,0.07064
CENTRO,2023-03-13,2624,2436,188,0.07165
CENTRO,2023-03-14,2919,2631,288,0.09866
CENTRO,2023-03-15,2482,2262,220,0.08864
CENTRO,2023-03-16,3313,3118,195,0.05886
CENTRO,2023-03-17,3393,3179,214,0.06307
CENTRO,2023-03-18,3879,3748,131,0.03377
CENTRO,2023-03-19,3196,3005,191,0.05976
CENTRO,2023-03-20,3346,3190,156,0.04662
NORTE-NORESTE,2023-01-01,161,116,45,0.2795
NORTE-NORESTE,2023-01-02,1162,828,334,0.28744
NORTE-NORESTE,2023-01-03,1433,983,450,0.31403
NORTE-NORESTE,2023-01-04,1546,1024,522,0.33765
NORTE-NORESTE,2023-01-05,1521,1035,486,0.31953
NORTE-NORESTE,2023-01-06,1715,1121,594,0.34636
NORTE-NORESTE,2023-01-07,1913,1342,571,0.29848
NORTE-NORESTE,2023-01-08,1378,830,548,0.39768
NORTE-NORESTE,2023-01-09,1541,943,598,0.38806
NORTE-NORESTE,2023-01-10,1760,1119,641,0.3642
NORTE-NORESTE,2023-01-11,1583,1055,528,0.33354
NORTE-NORESTE,2023-01-12,1611,1019,592,0.36747
NORTE-NORESTE,2023-01-13,1767,1240,527,0.29825
NORTE-NORESTE,2023-01-14,1909,1236,673,0.35254
NORTE-NORESTE,2023-01-15,1333,897,436,0.32708
NORTE-NORESTE,2023-01-16,1481,1071,410,0.27684
NORTE-NORESTE,2023-01-17,1640,1153,487,0.29695
NORTE-NORESTE,2023-01-18,1659,1172,487,0.29355
NORTE-NORESTE,2023-01-19,1747,1090,657,0.37607
NORTE-NORESTE,2023-01-20,1729,1130,599,0.34644
NORTE-NORESTE,2023-01-21,2096,1318,778,0.37118
NORTE-NORESTE,2023-01-22,1292,837,455,0.35217
NORTE-NORESTE,2023-01-23,1641,991,650,0.3961
NORTE-NORESTE,2023-01-24,1788,1115,673,0.3764
NORTE-NORESTE,2023-01-25,1840,1199,641,0.34837
NORTE-NORESTE,2023-01-26,1672,1031,641,0.38337
NORTE-NORESTE,2023-01-27,1739,1142,597,0.3433
NORTE-NORESTE,2023-01-28,2308,1468,840,0.36395
NORTE-NORESTE,2023-01-29,1496,885,611,0.40842
NORTE-NORESTE,2023-01-30,1728,1196,532,0.30787
NORTE-NORESTE,2023-01-31,1741,1173,568,0.32625
NORTE-NORESTE,2023-02-01,2,0,2,1
NORTE-NORESTE,2023-02-02,1771,1150,621,0.35065
NORTE-NORESTE,2023-02-03,1712,1129,583,0.34054
NORTE-NORESTE,2023-02-04,2049,1339,710,0.34651
NORTE-NORESTE,2023-02-05,1276,828,448,0.3511
NORTE-NORESTE,2023-02-06,1484,996,488,0.32884
NORTE-NORESTE,2023-02-07,1778,1146,632,0.35546
NORTE-NORESTE,2023-02-08,1680,1104,576,0.34286
NORTE-NORESTE,2023-02-09,1625,1080,545,0.33538
NORTE-NORESTE,2023-02-10,2001,1164,837,0.41829
NORTE-NORESTE,2023-02-11,1928,1165,763,0.39575
NORTE-NORESTE,2023-02-12,1281,791,490,0.38251
NORTE-NORESTE,2023-02-13,1439,873,566,0.39333
NORTE-NORESTE,2023-02-14,1764,1041,723,0.40986
NORTE-NORESTE,2023-02-15,1759,1135,624,0.35475
NORTE-NORESTE,2023-02-16,1709,1011,698,0.40843
NORTE-NORESTE,2023-02-17,1866,1041,825,0.44212
NORTE-NORESTE,2023-02-18,2109,1202,907,0.43006
NORTE-NORESTE,2023-02-19,1266,634,632,0.49921
NORTE-NORESTE,2023-02-20,1697,905,792,0.46671
NORTE-NORESTE,2023-02-21,2004,1083,921,0.45958
NORTE-NORESTE,2023-02-22,1813,1104,709,0.39106
NORTE-NORESTE,2023-02-23,1747,989,758,0.43389
NORTE-NORESTE,2023-02-24,1867,1074,793,0.42475
NORTE-NORESTE,2023-02-25,2223,1155,1068,0.48043
NORTE-NORESTE,2023-02-26,1355,712,643,0.47454
NORTE-NORESTE,2023-02-27,1800,1018,782,0.43444
NORTE-NORESTE,2023-02-28,1955,1064,891,0.45575
NORTE-NORESTE,2023-03-01,1599,979,620,0.38774
NORTE-NORESTE,2023-03-02,1963,1217,746,0.38003
NORTE-NORESTE,2023-03-03,2163,1219,944,0.43643
NORTE-NORESTE,2023-03-04,2508,1335,1173,0.4677
NORTE-NORESTE,2023-03-05,1440,726,714,0.49583
NORTE-NORESTE,2023-03-07,1771,1064,707,0.39921
NORTE-NORESTE,2023-03-08,2059,1246,813,0.39485
NORTE-NORESTE,2023-03-09,1648,911,737,0.44721
NORTE-NORESTE,2023-03-10,1634,961,673,0.41187
NORTE-NORESTE,2023-03-11,2141,1192,949,0.44325
NORTE-NORESTE,2023-03-12,1444,739,705,0.48823
NORTE-NORESTE,2023-03-13,1552,942,610,0.39304
NORTE-NORESTE,2023-03-14,1679,990,689,0.41036
NORTE-NORESTE,2023-03-15,1571,1070,501,0.31891
NORTE-NORESTE,2023-03-16,1576,1204,372,0.23604
NORTE-NORESTE,2023-03-17,1799,1360,439,0.24402
NORTE-NORESTE,2023-03-18,2233,1650,583,0.26108
NORTE-NORESTE,2023-03-19,1397,1123,274,0.19613
NORTE-NORESTE,2023-03-20,1351,1004,347,0.25685
OCCIDENTE-BAJIO,2023-01-01,192,175,17,0.08854
OCCIDENTE-BAJIO,2023-01-02,829,726,103,0.12425
OCCIDENTE-BAJIO,2023-01-03,1076,934,142,0.13197
OCCIDENTE-BAJIO,2023-01-04,1056,902,154,0.14583
OCCIDENTE-BAJIO,2023-01-05,1016,881,135,0.13287
OCCIDENTE-BAJIO,2023-01-06,1062,977,85,0.08004
OCCIDENTE-BAJIO,2023-01-07,1203,1072,131,0.10889
OCCIDENTE-BAJIO,2023-01-08,664,574,90,0.13554
OCCIDENTE-BAJIO,2023-01-09,1041,922,119,0.11431
OCCIDENTE-BAJIO,2023-01-10,1244,1159,85,0.06833
OCCIDENTE-BAJIO,2023-01-11,1105,937,168,0.15204
OCCIDENTE-BAJIO,2023-01-12,1000,820,180,0.18
OCCIDENTE-BAJIO,2023-01-13,1117,940,177,0.15846
OCCIDENTE-BAJIO,2023-01-14,1250,1045,205,0.164
OCCIDENTE-BAJIO,2023-01-15,784,727,57,0.0727
OCCIDENTE-BAJIO,2023-01-16,1086,1002,84,0.07735
OCCIDENTE-BAJIO,2023-01-17,1098,987,111,0.10109
OCCIDENTE-BAJIO,2023-01-18,956,863,93,0.09728
OCCIDENTE-BAJIO,2023-01-19,1226,1142,84,0.06852
OCCIDENTE-BAJIO,2023-01-20,1270,1169,101,0.07953
OCCIDENTE-BAJIO,2023-01-21,1860,1578,282,0.15161
OCCIDENTE-BAJIO,2023-01-22,954,882,72,0.07547
OCCIDENTE-BAJIO,2023-01-23,1645,1540,105,0.06383
OCCIDENTE-BAJIO,2023-01-24,1899,1745,154,0.0811
OCCIDENTE-BAJIO,2023-01-25,2271,2010,261,0.11493
OCCIDENTE-BAJIO,2023-01-26,2064,1882,182,0.08818
OCCIDENTE-BAJIO,2023-01-27,2103,1754,349,0.16595
OCCIDENTE-BAJIO,2023-01-28,2185,1838,347,0.15881
OCCIDENTE-BAJIO,2023-01-29,1237,1095,142,0.11479
OCCIDENTE-BAJIO,2023-01-30,1928,1709,219,0.11359
OCCIDENTE-BAJIO,2023-01-31,2540,2241,299,0.11772
OCCIDENTE-BAJIO,2023-02-02,2426,1999,427,0.17601
OCCIDENTE-BAJIO,2023-02-03,1909,1587,322,0.16867
OCCIDENTE-BAJIO,2023-02-04,2088,1715,373,0.17864
OCCIDENTE-BAJIO,2023-02-05,1487,1263,224,0.15064
OCCIDENTE-BAJIO,2023-02-06,1584,1289,295,0.18624
OCCIDENTE-BAJIO,2023-02-07,1957,1787,170,0.08687
OCCIDENTE-BAJIO,2023-02-08,1875,1638,237,0.1264
OCCIDENTE-BAJIO,2023-02-09,1642,1282,360,0.21924
OCCIDENTE-BAJIO,2023-02-10,1689,1421,268,0.15867
OCCIDENTE-BAJIO,2023-02-11,2164,1974,190,0.0878
OCCIDENTE-BAJIO,2023-02-12,1203,1135,68,0.05653
OCCIDENTE-BAJIO,2023-02-13,2142,1731,411,0.19188
OCCIDENTE-BAJIO,2023-02-14,1978,1767,211,0.10667
OCCIDENTE-BAJIO,2023-02-15,1963,1606,357,0.18186
OCCIDENTE-BAJIO,2023-02-16,2619,2344,275,0.105
OCCIDENTE-BAJIO,2023-02-17,2267,2070,197,0.0869
OCCIDENTE-BAJIO,2023-02-18,3039,2566,473,0.15564
OCCIDENTE-BAJIO,2023-02-19,1511,1264,247,0.16347
OCCIDENTE-BAJIO,2023-02-20,2427,2153,274,0.1129
OCCIDENTE-BAJIO,2023-02-21,2147,1718,429,0.19981
OCCIDENTE-BAJIO,2023-02-22,1703,1492,211,0.1239
OCCIDENTE-BAJIO,2023-02-23,1658,1404,254,0.1532
OCCIDENTE-BAJIO,2023-02-24,1466,1212,254,0.17326
OCCIDENTE-BAJIO,2023-02-25,1988,1681,307,0.15443
OCCIDENTE-BAJIO,2023-02-26,1201,948,253,0.21066
OCCIDENTE-BAJIO,2023-02-27,1541,1388,153,0.09929
OCCIDENTE-BAJIO,2023-02-28,1641,1482,159,0.09689
OCCIDENTE-BAJIO,2023-03-01,1646,1455,191,0.11604
OCCIDENTE-BAJIO,2023-03-02,1554,1357,197,0.12677
OCCIDENTE-BAJIO,2023-03-03,1781,1589,192,0.1078
OCCIDENTE-BAJIO,2023-03-04,1857,1675,182,0.09801
OCCIDENTE-BAJIO,2023-03-05,872,771,101,0.11583
OCCIDENTE-BAJIO,2023-03-07,1443,1273,170,0.11781
OCCIDENTE-BAJIO,2023-03-08,1393,1142,251,0.18019
OCCIDENTE-BAJIO,2023-03-09,1084,933,151,0.1393
OCCIDENTE-BAJIO,2023-03-10,1003,865,138,0.13759
OCCIDENTE-BAJIO,2023-03-11,1206,1019,187,0.15506
OCCIDENTE-BAJIO,2023-03-12,800,716,84,0.105
OCCIDENTE-BAJIO,2023-03-13,922,814,108,0.11714
OCCIDENTE-BAJIO,2023-03-14,1163,989,174,0.14961
OCCIDENTE-BAJIO,2023-03-15,1258,1119,139,0.11049
OCCIDENTE-BAJIO,2023-03-16,1075,1004,71,0.06605
OCCIDENTE-BAJIO,2023-03-17,1390,1288,102,0.07338
OCCIDENTE-BAJIO,2023-03-18,1618,1531,87,0.05377
OCCIDENTE-BAJIO,2023-03-19,1635,1037,598,0.36575
OCCIDENTE-BAJIO,2023-03-20,1084,1050,34,0.03137
ORIENTE-SUR,2023-01-01,132,114,18,0.13636
ORIENTE-SUR,2023-01-02,619,581,38,0.06139
ORIENTE-SUR,2023-01-03,996,875,121,0.12149
ORIENTE-SUR,2023-01-04,1171,941,230,0.19641
ORIENTE-SUR,2023-01-05,1042,905,137,0.13148
ORIENTE-SUR,2023-01-06,1040,852,188,0.18077
ORIENTE-SUR,2023-01-07,935,792,143,0.15294
ORIENTE-SUR,2023-01-08,949,831,118,0.12434
ORIENTE-SUR,2023-01-09,1007,902,105,0.10427
ORIENTE-SUR,2023-01-10,1226,1082,144,0.11746
ORIENTE-SUR,2023-01-11,1287,1112,175,0.13598
ORIENTE-SUR,2023-01-12,1144,1020,124,0.10839
ORIENTE-SUR,2023-01-13,1131,815,316,0.2794
ORIENTE-SUR,2023-01-14,1097,965,132,0.12033
ORIENTE-SUR,2023-01-15,879,794,85,0.0967
ORIENTE-SUR,2023-01-16,1537,1266,271,0.17632
ORIENTE-SUR,2023-01-17,2161,1785,376,0.17399
ORIENTE-SUR,2023-01-18,2076,1629,447,0.21532
ORIENTE-SUR,2023-01-19,2229,1812,417,0.18708
ORIENTE-SUR,2023-01-20,2489,2242,247,0.09924
ORIENTE-SUR,2023-01-21,2950,2445,505,0.17119
ORIENTE-SUR,2023-01-22,2184,1796,388,0.17766
ORIENTE-SUR,2023-01-23,2811,2326,485,0.17254
ORIENTE-SUR,2023-01-24,3099,2546,553,0.17844
ORIENTE-SUR,2023-01-25,2531,2093,438,0.17305
ORIENTE-SUR,2023-01-26,2926,2516,410,0.14012
ORIENTE-SUR,2023-01-27,2782,2403,379,0.13623
ORIENTE-SUR,2023-01-28,2856,2476,380,0.13305
ORIENTE-SUR,2023-01-29,2072,1659,413,0.19932
ORIENTE-SUR,2023-01-30,2472,2091,381,0.15413
ORIENTE-SUR,2023-01-31,2688,2276,412,0.15327
ORIENTE-SUR,2023-02-01,2,0,2,1
ORIENTE-SUR,2023-02-02,2635,2089,546,0.20721
ORIENTE-SUR,2023-02-03,2879,2310,569,0.19764
ORIENTE-SUR,2023-02-04,3318,2580,738,0.22242
ORIENTE-SUR,2023-02-05,2390,1993,397,0.16611
ORIENTE-SUR,2023-02-06,2699,2076,623,0.23083
ORIENTE-SUR,2023-02-07,2655,2241,414,0.15593
ORIENTE-SUR,2023-02-08,2898,2508,390,0.13458
ORIENTE-SUR,2023-02-09,3038,2411,627,0.20639
ORIENTE-SUR,2023-02-10,2938,2432,506,0.17223
ORIENTE-SUR,2023-02-11,3454,2849,605,0.17516
ORIENTE-SUR,2023-02-12,2394,1997,397,0.16583
ORIENTE-SUR,2023-02-13,3088,2823,265,0.08582
ORIENTE-SUR,2023-02-14,3090,2527,563,0.1822
ORIENTE-SUR,2023-02-15,3810,3126,684,0.17953
ORIENTE-SUR,2023-02-16,4111,3443,668,0.16249
ORIENTE-SUR,2023-02-17,3164,2665,499,0.15771
ORIENTE-SUR,2023-02-18,3935,3292,643,0.16341
ORIENTE-SUR,2023-02-19,3199,2555,644,0.20131
ORIENTE-SUR,2023-02-20,3914,2871,1043,0.26648
ORIENTE-SUR,2023-02-21,2981,2275,706,0.23683
ORIENTE-SUR,2023-02-22,2797,2177,620,0.22167
ORIENTE-SUR,2023-02-23,2514,2061,453,0.18019
ORIENTE-SUR,2023-02-24,2645,2188,457,0.17278
ORIENTE-SUR,2023-02-25,2762,2293,469,0.1698
ORIENTE-SUR,2023-02-26,1651,1325,326,0.19746
ORIENTE-SUR,2023-02-27,2750,2457,293,0.10655
ORIENTE-SUR,2023-02-28,2925,2530,395,0.13504
ORIENTE-SUR,2023-03-01,1995,1669,326,0.16341
ORIENTE-SUR,2023-03-02,2056,1622,434,0.21109
ORIENTE-SUR,2023-03-03,2014,1622,392,0.19464
ORIENTE-SUR,2023-03-04,2379,2006,373,0.15679
ORIENTE-SUR,2023-03-05,1517,1328,189,0.12459
ORIENTE-SUR,2023-03-07,2103,1895,208,0.09891
ORIENTE-SUR,2023-03-08,2149,1835,314,0.14611
ORIENTE-SUR,2023-03-09,1298,1077,221,0.17026
ORIENTE-SUR,2023-03-10,1112,1000,112,0.10072
ORIENTE-SUR,2023-03-11,1261,929,332,0.26328
ORIENTE-SUR,2023-03-12,1179,999,180,0.15267
ORIENTE-SUR,2023-03-13,1336,1072,264,0.1976
ORIENTE-SUR,2023-03-14,1110,921,189,0.17027
ORIENTE-SUR,2023-03-15,1327,1201,126,0.09495
ORIENTE-SUR,2023-03-16,1190,1097,93,0.07815
ORIENTE-SUR,2023-03-17,1488,1414,74,0.04973
ORIENTE-SUR,2023-03-18,1741,1544,197,0.11315
ORIENTE-SUR,2023-03-19,1183,1053,130,0.10989
ORIENTE-SUR,2023-03-20,1424,1371,53,0.03722