DIRECCION,Fecha,Instalaciones,Activaciones_automaticas,Activaciones_manuales,PorcAM
CENTRO,2023-01-02,871,597,274,0.314580941
CENTRO,2023-01-03,1070,742,328,0.306542056
CENTRO,2023-01-04,1123,789,334,0.297417631
CENTRO,2023-01-05,1099,736,363,0.330300273
CENTRO,2023-01-06,1045,741,304,0.290909091
CENTRO,2023-01-07,1278,867,411,0.321596244
CENTRO,2023-01-08,1024,741,283,0.276367188
CENTRO,2023-01-09,1097,740,357,0.325432999
CENTRO,2023-01-10,1169,798,371,0.317365269
CENTRO,2023-01-11,1152,762,390,0.338541667
CENTRO,2023-01-12,1147,748,399,0.347863993
CENTRO,2023-01-13,1147,753,394,0.343504795
CENTRO,2023-01-14,1355,891,464,0.342435424
CENTRO,2023-01-15,1217,791,426,0.350041085
CENTRO,2023-01-16,1139,599,540,0.474100088
CENTRO,2023-01-17,1117,570,547,0.489704566
CENTRO,2023-01-18,1116,581,535,0.479390681
CENTRO,2023-01-19,1047,625,422,0.403056351
CENTRO,2023-01-20,1112,677,435,0.39118705
CENTRO,2023-01-21,1271,707,564,0.443745083
CENTRO,2023-01-22,1040,613,427,0.410576923
CENTRO,2023-01-23,1050,616,434,0.413333333
CENTRO,2023-01-24,1076,610,466,0.433085502
CENTRO,2023-01-25,1085,622,463,0.426728111
CENTRO,2023-01-26,1154,629,525,0.454939341
CENTRO,2023-01-27,1134,628,506,0.446208113
CENTRO,2023-01-28,1368,733,635,0.464181287
CENTRO,2023-01-29,1117,640,477,0.427036705
CENTRO,2023-01-30,1222,671,551,0.450900164
CENTRO,2023-01-31,1371,770,601,0.438366156
CENTRO,2023-02-01,1177,683,494,0.41971113
CENTRO,2023-02-02,1166,689,477,0.409090909
CENTRO,2023-02-03,1118,637,481,0.430232558
CENTRO,2023-02-04,1406,802,604,0.429587482
CENTRO,2023-02-05,1056,619,437,0.413825758
CENTRO,2023-02-06,1232,703,529,0.429383117
CENTRO,2023-02-07,1147,602,545,0.475152572
CENTRO,2023-02-08,1087,550,537,0.494020239
CENTRO,2023-02-09,1072,578,494,0.460820896
CENTRO,2023-02-10,1097,556,541,0.493163172
CENTRO,2023-02-11,1255,630,625,0.498007968
CENTRO,2023-02-12,995,511,484,0.486432161
CENTRO,2023-02-13,1072,548,524,0.48880597
CENTRO,2023-02-14,1038,563,475,0.45761079
CENTRO,2023-02-15,1111,608,503,0.452745275
CENTRO,2023-02-16,1077,585,492,0.456824513
CENTRO,2023-02-17,1066,565,501,0.469981238
CENTRO,2023-02-18,1356,688,668,0.492625369
CENTRO,2023-02-19,1116,582,534,0.478494624
CENTRO,2023-02-20,1111,612,499,0.449144914
CENTRO,2023-02-21,1088,714,374,0.34375
CENTRO,2023-02-22,1054,719,335,0.317836812
CENTRO,2023-02-23,1033,744,289,0.279767667
CENTRO,2023-02-24,1086,772,314,0.289134438
CENTRO,2023-02-25,1302,905,397,0.304915515
CENTRO,2023-02-26,1064,733,331,0.311090226
CENTRO,2023-02-27,1168,800,368,0.315068493
CENTRO,2023-02-28,1314,924,390,0.296803653
CENTRO,2023-03-01,1127,783,344,0.305235138
CENTRO,2023-03-02,1062,731,331,0.311676083
CENTRO,2023-03-03,1236,895,341,0.275889968
CENTRO,2023-03-04,1420,996,424,0.298591549
CENTRO,2023-03-05,1198,792,406,0.338898164
CENTRO,2023-03-06,1071,764,307,0.286647993
CENTRO,2023-03-07,1173,837,336,0.286445013
CENTRO,2023-03-08,1186,900,286,0.241146712
CENTRO,2023-03-09,1141,893,248,0.217353199
CENTRO,2023-03-10,1035,850,185,0.178743961
CENTRO,2023-03-11,1293,1051,242,0.18716164
CENTRO,2023-03-12,1013,819,194,0.191510365
CENTRO,2023-03-13,1119,899,220,0.196604111
CENTRO,2023-03-14,1192,989,203,0.170302013
CENTRO,2023-03-15,1174,1052,122,0.103918228
CENTRO,2023-03-16,1346,1228,118,0.087667162
CENTRO,2023-03-17,1711,1568,143,0.083576856
CENTRO,2023-03-18,1853,1685,168,0.090663788
CENTRO,2023-03-19,1629,1496,133,0.081645181
CENTRO,2023-03-20,1861,1727,134,0.072004299
CENTRO,2023-03-21,1426,1365,61,0.042776999
CENTRO,2023-03-22,1297,1238,59,0.045489591
CENTRO,2023-03-23,1245,1191,54,0.043373494
CENTRO,2023-03-24,1278,1234,44,0.034428795
CENTRO,2023-03-25,1538,1489,49,0.031859558
CENTRO,2023-03-26,1358,1317,41,0.030191458
CENTRO,2023-03-27,1094,1062,32,0.029250457
CENTRO,2023-03-28,984,958,26,0.026422764
CENTRO,2023-03-29,1097,1076,21,0.019143118
CENTRO,2023-03-30,1365,1321,44,0.032234432
CENTRO,2023-03-31,1834,1775,59,0.03217012
CENTRO,2023-04-01,1563,1528,35,0.022392834
CENTRO,2023-04-02,1226,1190,36,0.029363785
CENTRO,2023-04-03,1503,1468,35,0.02328676
CENTRO,2023-04-04,1138,1106,32,0.028119508
CENTRO,2023-04-05,1163,1104,59,0.050730868
CENTRO,2023-04-06,1238,1215,23,0.018578352
CENTRO,2023-04-07,955,945,10,0.010471204
CENTRO,2023-04-08,814,801,13,0.015970516
CENTRO,2023-04-09,720,707,13,0.018055556
CENTRO,2023-04-10,934,915,19,0.020342612
CENTRO,2023-04-11,1070,1035,35,0.03271028
CENTRO,2023-04-12,1159,1128,31,0.026747196
CENTRO,2023-04-13,1094,1071,23,0.021023766
CENTRO,2023-04-14,1323,1280,43,0.03250189
CENTRO,2023-04-15,1724,1653,71,0.041183295
CENTRO,2023-04-16,1634,1604,30,0.018359853
CENTRO,2023-04-17,1447,1413,34,0.02349689
CENTRO,2023-04-18,1226,1173,53,0.043230016
CENTRO,2023-04-19,1144,1108,36,0.031468531
CENTRO,2023-04-20,1072,1035,37,0.034514925
CENTRO,2023-04-21,1234,1204,30,0.024311183
CENTRO,2023-04-22,1399,1365,34,0.024303074
CENTRO,2023-04-23,1241,1213,28,0.02256245
CENTRO,2023-04-24,1363,1324,39,0.028613353
CENTRO,2023-04-25,1527,1476,51,0.033398821
CENTRO,2023-04-26,1293,1258,35,0.027068832
CENTRO,2023-04-27,1102,1065,37,0.033575318
CENTRO,2023-04-28,1376,1329,47,0.034156977
CENTRO,2023-04-29,1739,1683,56,0.032202415
CENTRO,2023-04-30,1421,1371,50,0.035186488
CENTRO,2023-05-01,1231,1182,49,0.039805037
CENTRO,2023-05-02,1307,1254,53,0.04055088
CENTRO,2023-05-03,1121,1082,39,0.034790366
CENTRO,2023-05-04,1109,1073,36,0.032461677
CENTRO,2023-05-05,1248,1209,39,0.03125
CENTRO,2023-05-06,1275,1227,48,0.037647059
CENTRO,2023-05-07,986,961,25,0.02535497
CENTRO,2023-05-08,1111,1077,34,0.03060306
CENTRO,2023-05-09,1092,1056,36,0.032967033
CENTRO,2023-05-10,1093,1050,43,0.039341263
CENTRO,2023-05-11,1045,1006,39,0.037320574
CENTRO,2023-05-12,1121,1072,49,0.043710972
CENTRO,2023-05-13,1637,1595,42,0.025656689
CENTRO,2023-05-14,1636,1593,43,0.026283619
CENTRO,2023-05-15,1922,1860,62,0.032258065
CENTRO,2023-05-16,1950,1888,62,0.031794872
CENTRO,2023-05-17,1638,1570,68,0.041514042
CENTRO,2023-05-18,1246,1211,35,0.028089888
CENTRO,2023-05-19,1178,1137,41,0.034804754
CENTRO,2023-05-20,1539,1496,43,0.027940221
CENTRO,2023-05-21,1334,1295,39,0.029235382
CENTRO,2023-05-22,1412,1376,36,0.025495751
CENTRO,2023-05-23,1216,1186,30,0.024671053
CENTRO,2023-05-24,1214,1180,34,0.02800659
CENTRO,2023-05-25,1246,1199,47,0.037720706
CENTRO,2023-05-26,1484,1423,61,0.0411051212938005
CENTRO,2023-05-27,1562,1487,75,0.0480153649167734
CENTRO,2023-05-28,1311,1269,42,0.0320366132723112
CENTRO,2023-05-29,1370,1306,64,0.0467153284671533
CENTRO,2023-05-30,1585,1493,92,0.0580441640378549
CENTRO,2023-05-31,1705,1624,81,0.0475073313782991
CENTRO,2023-06-01,1298,1232,66,0.0508474576271186
CENTRO,2023-06-01,1298,1283,15,0.0115562403697997
CENTRO,2023-06-01,1298,1283,15,0.0115562403697997
CENTRO,2023-06-02,1191,1124,67,0.056255247691016
CENTRO,2023-06-02,1191,1124,67,0.056255247691016
CENTRO,2023-06-03,1453,1394,59,0.0406056434962147
CENTRO,2023-06-03,1453,1394,59,0.0406056434962147
CENTRO,2023-06-04,1426,1368,58,0.0406732117812062
CENTRO,2023-06-04,1426,1368,58,0.0406732117812062
CENTRO,2023-06-05,1442,1356,86,0.0596393897364771
CENTRO,2023-06-06,1220,1174,46,0.0377049180327869
CENTRO,2023-06-07,1189,1126,63,0.0529857022708158
CENTRO,2023-06-08,1181,1123,58,0.0491109229466554
CENTRO,2023-06-09,1251,1184,67,0.0535571542765787
CENTRO,2023-06-10,1494,1422,72,0.0481927710843374
CENTRO,2023-06-11,1289,1237,52,0.0403413498836307
CENTRO,2023-06-12,1328,1256,72,0.0542168674698795
CENTRO,2023-06-13,1278,1216,62,0.0485133020344288
CENTRO,2023-06-14,1426,1363,63,0.044179523141655
CENTRO,2023-06-15,1411,1346,65,0.0460666194188519
CENTRO,2023-06-16,1436,1374,62,0.0431754874651811
CENTRO,2023-06-17,1601,1528,73,0.0455965021861337
CENTRO,2023-06-18,1176,1134,42,0.0357142857142857
CENTRO,2023-06-19,1363,1309,54,0.0396184886280264
CENTRO,2023-06-20,1370,1316,54,0.0394160583941606
CENTRO,2023-06-21,1281,1218,63,0.0491803278688525
CENTRO,2023-06-22,1194,1146,48,0.0402010050251256
CENTRO,2023-06-23,1321,1249,72,0.0545041635124905
CENTRO,2023-06-24,1535,1470,65,0.0423452768729642
CENTRO,2023-06-25,1162,1116,46,0.0395869191049914
CENTRO,2023-06-26,1289,1243,46,0.0356865787432118
CENTRO,2023-06-27,1180,1149,31,0.026271186440678
CENTRO,2023-06-28,1247,1212,35,0.0280673616680032
CENTRO,2023-06-29,1335,1277,58,0.0434456928838951
CENTRO,2023-06-30,1026,920,106,0.103313840155945
CENTRO,2023-07-01,1569,1521,48,0.0305927342256214
CENTRO,2023-07-02,1111,1089,22,0.0198019801980198
CENTRO,2023-07-03,1302,1265,37,0.0284178187403994
CENTRO,2023-07-04,1166,1127,39,0.0334476843910806
CENTRO,2023-07-05,1150,1118,32,0.0278260869565217
CENTRO,2023-07-06,1036,998,38,0.0366795366795367
CENTRO,2023-07-07,1317,1281,36,0.0273348519362187
CENTRO,2023-07-08,1424,1378,46,0.0323033707865169
CENTRO,2023-07-09,1187,1152,35,0.029486099410278
CENTRO,2023-07-10,1277,1239,38,0.0297572435395458
CENTRO,2023-07-11,1282,1235,47,0.0366614664586583
CENTRO,2023-07-12,1234,1187,47,0.0380875202593193
CENTRO,2023-07-13,1160,1108,52,0.0448275862068966
CENTRO,2023-07-14,1249,1203,46,0.0368294635708567
CENTRO,2023-07-15,1527,1487,40,0.0261951538965291
CENTRO,2023-07-16,1252,1218,34,0.0271565495207668
CENTRO,2023-07-17,1318,1278,40,0.0303490136570561
CENTRO,2023-07-18,1342,1308,34,0.0253353204172876
CENTRO,2023-07-19,1249,1203,46,0.0368294635708567
NORESTE-FRONTERA,2023-01-02,423,325,98,0.231678487
NORESTE-FRONTERA,2023-01-03,505,386,119,0.235643564
NORESTE-FRONTERA,2023-01-04,530,381,149,0.281132075
NORESTE-FRONTERA,2023-01-05,527,429,98,0.185958254
NORESTE-FRONTERA,2023-01-06,600,451,149,0.248333333
NORESTE-FRONTERA,2023-01-07,650,487,163,0.250769231
NORESTE-FRONTERA,2023-01-08,393,290,103,0.262086514
NORESTE-FRONTERA,2023-01-09,533,388,145,0.272045028
NORESTE-FRONTERA,2023-01-10,535,416,119,0.222429907
NORESTE-FRONTERA,2023-01-11,538,417,121,0.224907063
NORESTE-FRONTERA,2023-01-12,487,373,114,0.234086242
NORESTE-FRONTERA,2023-01-13,557,447,110,0.197486535
NORESTE-FRONTERA,2023-01-14,617,491,126,0.204213938
NORESTE-FRONTERA,2023-01-15,396,317,79,0.199494949
NORESTE-FRONTERA,2023-01-16,514,391,123,0.239299611
NORESTE-FRONTERA,2023-01-17,520,398,122,0.234615385
NORESTE-FRONTERA,2023-01-18,472,369,103,0.218220339
NORESTE-FRONTERA,2023-01-19,480,374,106,0.220833333
NORESTE-FRONTERA,2023-01-20,525,425,100,0.19047619
NORESTE-FRONTERA,2023-01-21,638,508,130,0.203761755
NORESTE-FRONTERA,2023-01-22,331,250,81,0.244712991
NORESTE-FRONTERA,2023-01-23,440,341,99,0.225
NORESTE-FRONTERA,2023-01-24,479,388,91,0.189979123
NORESTE-FRONTERA,2023-01-25,487,378,109,0.223819302
NORESTE-FRONTERA,2023-01-26,461,342,119,0.25813449
NORESTE-FRONTERA,2023-01-27,502,391,111,0.221115538
NORESTE-FRONTERA,2023-01-28,681,456,225,0.330396476
NORESTE-FRONTERA,2023-01-29,400,286,114,0.285
NORESTE-FRONTERA,2023-01-30,498,379,119,0.238955823
NORESTE-FRONTERA,2023-01-31,500,390,110,0.22
NORESTE-FRONTERA,2023-02-01,449,363,86,0.191536748
NORESTE-FRONTERA,2023-02-02,507,389,118,0.232741617
NORESTE-FRONTERA,2023-02-03,517,401,116,0.224371373
NORESTE-FRONTERA,2023-02-04,673,522,151,0.224368499
NORESTE-FRONTERA,2023-02-05,428,333,95,0.221962617
NORESTE-FRONTERA,2023-02-06,434,356,78,0.179723502
NORESTE-FRONTERA,2023-02-07,503,406,97,0.192842942
NORESTE-FRONTERA,2023-02-08,486,395,91,0.187242798
NORESTE-FRONTERA,2023-02-09,524,424,100,0.190839695
NORESTE-FRONTERA,2023-02-10,516,421,95,0.184108527
NORESTE-FRONTERA,2023-02-11,632,462,170,0.268987342
NORESTE-FRONTERA,2023-02-12,458,358,100,0.218340611
NORESTE-FRONTERA,2023-02-13,479,371,108,0.225469729
NORESTE-FRONTERA,2023-02-14,472,368,104,0.220338983
NORESTE-FRONTERA,2023-02-15,517,415,102,0.19729207
NORESTE-FRONTERA,2023-02-16,541,436,105,0.194085028
NORESTE-FRONTERA,2023-02-17,562,435,127,0.225978648
NORESTE-FRONTERA,2023-02-18,707,547,160,0.226308345
NORESTE-FRONTERA,2023-02-19,444,333,111,0.25
NORESTE-FRONTERA,2023-02-20,485,373,112,0.230927835
NORESTE-FRONTERA,2023-02-21,495,375,120,0.242424242
NORESTE-FRONTERA,2023-02-22,521,390,131,0.251439539
NORESTE-FRONTERA,2023-02-23,497,369,128,0.257545272
NORESTE-FRONTERA,2023-02-24,497,359,138,0.277665996
NORESTE-FRONTERA,2023-02-25,727,486,241,0.331499312
NORESTE-FRONTERA,2023-02-26,437,331,106,0.242562929
NORESTE-FRONTERA,2023-02-27,513,374,139,0.270955166
NORESTE-FRONTERA,2023-02-28,623,458,165,0.264847512
NORESTE-FRONTERA,2023-03-01,576,438,138,0.239583333
NORESTE-FRONTERA,2023-03-02,612,453,159,0.259803922
NORESTE-FRONTERA,2023-03-03,651,488,163,0.250384025
NORESTE-FRONTERA,2023-03-04,757,539,218,0.287978864
NORESTE-FRONTERA,2023-03-05,384,273,111,0.2890625
NORESTE-FRONTERA,2023-03-06,501,379,122,0.243512974
NORESTE-FRONTERA,2023-03-07,584,436,148,0.253424658
NORESTE-FRONTERA,2023-03-08,612,448,164,0.267973856
NORESTE-FRONTERA,2023-03-09,571,477,94,0.164623468
NORESTE-FRONTERA,2023-03-10,618,516,102,0.165048544
NORESTE-FRONTERA,2023-03-11,772,638,134,0.17357513
NORESTE-FRONTERA,2023-03-12,488,403,85,0.174180328
NORESTE-FRONTERA,2023-03-13,535,453,82,0.153271028
NORESTE-FRONTERA,2023-03-14,621,515,106,0.170692432
NORESTE-FRONTERA,2023-03-15,564,521,43,0.076241135
NORESTE-FRONTERA,2023-03-16,645,607,38,0.058914729
NORESTE-FRONTERA,2023-03-17,744,685,59,0.079301075
NORESTE-FRONTERA,2023-03-18,937,875,62,0.066168623
NORESTE-FRONTERA,2023-03-19,571,530,41,0.071803853
NORESTE-FRONTERA,2023-03-20,642,594,48,0.074766355
NORESTE-FRONTERA,2023-03-21,701,666,35,0.049928673
NORESTE-FRONTERA,2023-03-22,664,639,25,0.037650602
NORESTE-FRONTERA,2023-03-23,683,657,26,0.03806735
NORESTE-FRONTERA,2023-03-24,700,666,34,0.048571429
NORESTE-FRONTERA,2023-03-25,777,737,40,0.051480051
NORESTE-FRONTERA,2023-03-26,501,469,32,0.063872255
NORESTE-FRONTERA,2023-03-27,620,596,24,0.038709677
NORESTE-FRONTERA,2023-03-28,493,477,16,0.032454361
NORESTE-FRONTERA,2023-03-29,596,562,34,0.05704698
NORESTE-FRONTERA,2023-03-30,678,643,35,0.051622419
NORESTE-FRONTERA,2023-03-31,939,904,35,0.037273695
NORESTE-FRONTERA,2023-04-01,745,721,24,0.032214765
NORESTE-FRONTERA,2023-04-02,440,421,19,0.043181818
NORESTE-FRONTERA,2023-04-03,678,661,17,0.025073746
NORESTE-FRONTERA,2023-04-04,591,583,8,0.013536379
NORESTE-FRONTERA,2023-04-05,533,517,16,0.030018762
NORESTE-FRONTERA,2023-04-06,613,607,6,0.009787928
NORESTE-FRONTERA,2023-04-07,580,NA,NA,NA
NORESTE-FRONTERA,2023-04-08,542,541,1,0.001845018
NORESTE-FRONTERA,2023-04-09,322,NA,NA,NA
NORESTE-FRONTERA,2023-04-10,474,467,7,0.014767932
NORESTE-FRONTERA,2023-04-11,565,559,6,0.010619469
NORESTE-FRONTERA,2023-04-12,525,519,6,0.011428571
NORESTE-FRONTERA,2023-04-13,513,505,8,0.015594542
NORESTE-FRONTERA,2023-04-14,683,673,10,0.014641288
NORESTE-FRONTERA,2023-04-15,841,819,22,0.026159334
NORESTE-FRONTERA,2023-04-16,533,522,11,0.020637899
NORESTE-FRONTERA,2023-04-17,643,631,12,0.018662519
NORESTE-FRONTERA,2023-04-18,636,622,14,0.022012579
NORESTE-FRONTERA,2023-04-19,562,549,13,0.023131673
NORESTE-FRONTERA,2023-04-20,571,554,17,0.029772329
NORESTE-FRONTERA,2023-04-21,698,679,19,0.02722063
NORESTE-FRONTERA,2023-04-22,733,710,23,0.031377899
NORESTE-FRONTERA,2023-04-23,541,532,9,0.01663586
NORESTE-FRONTERA,2023-04-24,622,608,14,0.022508039
NORESTE-FRONTERA,2023-04-25,731,717,14,0.019151847
NORESTE-FRONTERA,2023-04-26,679,667,12,0.017673049
NORESTE-FRONTERA,2023-04-27,588,571,17,0.028911565
NORESTE-FRONTERA,2023-04-28,700,681,19,0.027142857
NORESTE-FRONTERA,2023-04-29,795,770,25,0.031446541
NORESTE-FRONTERA,2023-04-30,623,602,21,0.033707865
NORESTE-FRONTERA,2023-05-01,512,498,14,0.02734375
NORESTE-FRONTERA,2023-05-02,584,571,13,0.022260274
NORESTE-FRONTERA,2023-05-03,557,545,12,0.021543986
NORESTE-FRONTERA,2023-05-04,589,575,14,0.0237691
NORESTE-FRONTERA,2023-05-05,680,665,15,0.022058824
NORESTE-FRONTERA,2023-05-06,699,683,16,0.022889843
NORESTE-FRONTERA,2023-05-07,541,529,12,0.022181146
NORESTE-FRONTERA,2023-05-08,559,539,20,0.035778175
NORESTE-FRONTERA,2023-05-09,620,600,20,0.032258065
NORESTE-FRONTERA,2023-05-10,567,542,25,0.044091711
NORESTE-FRONTERA,2023-05-11,592,564,28,0.047297297
NORESTE-FRONTERA,2023-05-12,618,594,24,0.038834951
NORESTE-FRONTERA,2023-05-13,799,768,31,0.038798498
NORESTE-FRONTERA,2023-05-14,757,732,25,0.033025099
NORESTE-FRONTERA,2023-05-15,821,793,28,0.03410475
NORESTE-FRONTERA,2023-05-16,884,859,25,0.028280543
NORESTE-FRONTERA,2023-05-17,814,781,33,0.040540541
NORESTE-FRONTERA,2023-05-18,551,540,11,0.019963702
NORESTE-FRONTERA,2023-05-19,690,663,27,0.039130435
NORESTE-FRONTERA,2023-05-20,711,688,23,0.032348805
NORESTE-FRONTERA,2023-05-21,678,646,32,0.04719764
NORESTE-FRONTERA,2023-05-22,670,647,23,0.034328358
NORESTE-FRONTERA,2023-05-23,631,615,16,0.025356577
NORESTE-FRONTERA,2023-05-24,607,584,23,0.037891269
NORESTE-FRONTERA,2023-05-25,611,577,34,0.055646481
NORESTE-FRONTERA,2023-05-26,527,495,32,0.0607210626185958
NORESTE-FRONTERA,2023-05-27,647,600,47,0.0726429675425039
NORESTE-FRONTERA,2023-05-28,548,513,35,0.0638686131386861
NORESTE-FRONTERA,2023-05-29,608,575,33,0.0542763157894737
NORESTE-FRONTERA,2023-05-30,584,545,39,0.0667808219178082
NORESTE-FRONTERA,2023-05-31,634,592,42,0.0662460567823344
NORESTE-FRONTERA,2023-06-01,484,447,37,0.0764462809917355
NORESTE-FRONTERA,2023-06-01,484,481,3,0.00619834710743802
NORESTE-FRONTERA,2023-06-01,484,481,3,0.00619834710743802
NORESTE-FRONTERA,2023-06-02,551,518,33,0.0598911070780399
NORESTE-FRONTERA,2023-06-02,551,518,33,0.0598911070780399
NORESTE-FRONTERA,2023-06-03,605,579,26,0.0429752066115702
NORESTE-FRONTERA,2023-06-03,605,579,26,0.0429752066115702
NORESTE-FRONTERA,2023-06-04,530,508,22,0.0415094339622641
NORESTE-FRONTERA,2023-06-04,530,508,22,0.0415094339622641
NORESTE-FRONTERA,2023-06-05,554,525,29,0.0523465703971119
NORESTE-FRONTERA,2023-06-06,584,557,27,0.0462328767123288
NORESTE-FRONTERA,2023-06-07,632,601,31,0.0490506329113924
NORESTE-FRONTERA,2023-06-08,569,539,30,0.0527240773286467
NORESTE-FRONTERA,2023-06-09,613,589,24,0.0391517128874388
NORESTE-FRONTERA,2023-06-10,687,655,32,0.0465793304221252
NORESTE-FRONTERA,2023-06-11,540,519,21,0.0388888888888889
NORESTE-FRONTERA,2023-06-12,614,589,25,0.0407166123778502
NORESTE-FRONTERA,2023-06-13,630,600,30,0.0476190476190476
NORESTE-FRONTERA,2023-06-14,612,582,30,0.0490196078431373
NORESTE-FRONTERA,2023-06-15,603,572,31,0.0514096185737977
NORESTE-FRONTERA,2023-06-16,598,560,38,0.0635451505016722
NORESTE-FRONTERA,2023-06-17,692,663,29,0.0419075144508671
NORESTE-FRONTERA,2023-06-18,437,416,21,0.0480549199084668
NORESTE-FRONTERA,2023-06-19,592,561,31,0.0523648648648649
NORESTE-FRONTERA,2023-06-20,542,513,29,0.0535055350553506
NORESTE-FRONTERA,2023-06-21,578,545,33,0.0570934256055363
NORESTE-FRONTERA,2023-06-22,624,603,21,0.0336538461538462
NORESTE-FRONTERA,2023-06-23,643,604,39,0.0606531881804044
NORESTE-FRONTERA,2023-06-24,700,664,36,0.0514285714285714
NORESTE-FRONTERA,2023-06-25,535,513,22,0.0411214953271028
NORESTE-FRONTERA,2023-06-26,602,574,28,0.0465116279069767
NORESTE-FRONTERA,2023-06-27,661,626,35,0.0529500756429652
NORESTE-FRONTERA,2023-06-28,542,518,24,0.044280442804428
NORESTE-FRONTERA,2023-06-29,601,583,18,0.0299500831946755
NORESTE-FRONTERA,2023-06-30,341,324,17,0.0498533724340176
NORESTE-FRONTERA,2023-07-01,620,607,13,0.0209677419354839
NORESTE-FRONTERA,2023-07-02,417,406,11,0.026378896882494
NORESTE-FRONTERA,2023-07-03,555,541,14,0.0252252252252252
NORESTE-FRONTERA,2023-07-04,621,602,19,0.0305958132045089
NORESTE-FRONTERA,2023-07-05,397,387,10,0.0251889168765743
NORESTE-FRONTERA,2023-07-06,491,477,14,0.0285132382892057
NORESTE-FRONTERA,2023-07-07,593,582,11,0.0185497470489039
NORESTE-FRONTERA,2023-07-08,645,631,14,0.0217054263565891
NORESTE-FRONTERA,2023-07-09,541,538,3,0.0055452865064695
NORESTE-FRONTERA,2023-07-10,537,523,14,0.0260707635009311
NORESTE-FRONTERA,2023-07-11,594,579,15,0.0252525252525253
NORESTE-FRONTERA,2023-07-12,612,598,14,0.0228758169934641
NORESTE-FRONTERA,2023-07-13,635,618,17,0.0267716535433071
NORESTE-FRONTERA,2023-07-14,617,603,14,0.0226904376012966
NORESTE-FRONTERA,2023-07-15,733,709,24,0.0327421555252387
NORESTE-FRONTERA,2023-07-16,466,464,2,0.00429184549356223
NORESTE-FRONTERA,2023-07-17,618,604,14,0.0226537216828479
NORESTE-FRONTERA,2023-07-18,641,634,7,0.0109204368174727
NORESTE-FRONTERA,2023-07-19,579,570,9,0.0155440414507772
NORTE-PACIFICO,2023-01-02,342,224,118,0.34502924
NORTE-PACIFICO,2023-01-03,415,260,155,0.373493976
NORTE-PACIFICO,2023-01-04,428,268,160,0.373831776
NORTE-PACIFICO,2023-01-05,391,220,171,0.437340153
NORTE-PACIFICO,2023-01-06,414,246,168,0.405797101
NORTE-PACIFICO,2023-01-07,527,343,184,0.34914611
NORTE-PACIFICO,2023-01-08,424,275,149,0.351415094
NORTE-PACIFICO,2023-01-09,419,288,131,0.312649165
NORTE-PACIFICO,2023-01-10,471,295,176,0.373673036
NORTE-PACIFICO,2023-01-11,441,276,165,0.37414966
NORTE-PACIFICO,2023-01-12,455,294,161,0.353846154
NORTE-PACIFICO,2023-01-13,489,314,175,0.357873211
NORTE-PACIFICO,2023-01-14,480,323,157,0.327083333
NORTE-PACIFICO,2023-01-15,352,246,106,0.301136364
NORTE-PACIFICO,2023-01-16,343,222,121,0.352769679
NORTE-PACIFICO,2023-01-17,384,260,124,0.322916667
NORTE-PACIFICO,2023-01-18,377,182,195,0.517241379
NORTE-PACIFICO,2023-01-19,430,178,252,0.586046512
NORTE-PACIFICO,2023-01-20,412,165,247,0.599514563
NORTE-PACIFICO,2023-01-21,479,147,332,0.693110647
NORTE-PACIFICO,2023-01-22,370,99,271,0.732432432
NORTE-PACIFICO,2023-01-23,401,114,287,0.715710723
NORTE-PACIFICO,2023-01-24,436,129,307,0.70412844
NORTE-PACIFICO,2023-01-25,416,122,294,0.706730769
NORTE-PACIFICO,2023-01-26,413,97,316,0.765133172
NORTE-PACIFICO,2023-01-27,455,118,337,0.740659341
NORTE-PACIFICO,2023-01-28,478,111,367,0.767782427
NORTE-PACIFICO,2023-01-29,368,108,260,0.706521739
NORTE-PACIFICO,2023-01-30,400,102,298,0.745
NORTE-PACIFICO,2023-01-31,460,146,314,0.682608696
NORTE-PACIFICO,2023-02-01,402,126,276,0.686567164
NORTE-PACIFICO,2023-02-02,432,127,305,0.706018519
NORTE-PACIFICO,2023-02-03,425,124,301,0.708235294
NORTE-PACIFICO,2023-02-04,511,141,370,0.72407045
NORTE-PACIFICO,2023-02-05,354,86,268,0.757062147
NORTE-PACIFICO,2023-02-06,439,115,324,0.738041002
NORTE-PACIFICO,2023-02-07,437,133,304,0.695652174
NORTE-PACIFICO,2023-02-08,436,138,298,0.683486239
NORTE-PACIFICO,2023-02-09,424,121,303,0.714622642
NORTE-PACIFICO,2023-02-10,544,141,403,0.740808824
NORTE-PACIFICO,2023-02-11,526,133,393,0.747148289
NORTE-PACIFICO,2023-02-12,331,77,254,0.767371601
NORTE-PACIFICO,2023-02-13,384,101,283,0.736979167
NORTE-PACIFICO,2023-02-14,384,103,281,0.731770833
NORTE-PACIFICO,2023-02-15,457,135,322,0.704595186
NORTE-PACIFICO,2023-02-16,417,124,293,0.70263789
NORTE-PACIFICO,2023-02-17,467,111,356,0.762312634
NORTE-PACIFICO,2023-02-18,548,145,403,0.73540146
NORTE-PACIFICO,2023-02-19,302,64,238,0.78807947
NORTE-PACIFICO,2023-02-20,454,109,345,0.759911894
NORTE-PACIFICO,2023-02-21,463,129,334,0.721382289
NORTE-PACIFICO,2023-02-22,419,120,299,0.713603819
NORTE-PACIFICO,2023-02-23,382,127,255,0.667539267
NORTE-PACIFICO,2023-02-24,442,152,290,0.656108597
NORTE-PACIFICO,2023-02-25,424,131,293,0.691037736
NORTE-PACIFICO,2023-02-26,322,96,226,0.701863354
NORTE-PACIFICO,2023-02-27,438,136,302,0.689497717
NORTE-PACIFICO,2023-02-28,434,148,286,0.658986175
NORTE-PACIFICO,2023-03-01,328,116,212,0.646341463
NORTE-PACIFICO,2023-03-02,445,135,310,0.696629213
NORTE-PACIFICO,2023-03-03,507,163,344,0.678500986
NORTE-PACIFICO,2023-03-04,636,184,452,0.710691824
NORTE-PACIFICO,2023-03-05,449,123,326,0.726057906
NORTE-PACIFICO,2023-03-06,407,135,272,0.668304668
NORTE-PACIFICO,2023-03-07,434,152,282,0.649769585
NORTE-PACIFICO,2023-03-08,508,153,355,0.698818898
NORTE-PACIFICO,2023-03-09,466,211,255,0.5472103
NORTE-PACIFICO,2023-03-10,374,196,178,0.475935829
NORTE-PACIFICO,2023-03-11,572,280,292,0.51048951
NORTE-PACIFICO,2023-03-12,402,192,210,0.52238806
NORTE-PACIFICO,2023-03-13,397,217,180,0.453400504
NORTE-PACIFICO,2023-03-14,409,254,155,0.378973105
NORTE-PACIFICO,2023-03-15,371,309,62,0.167115903
NORTE-PACIFICO,2023-03-16,397,336,61,0.153652393
NORTE-PACIFICO,2023-03-17,514,432,82,0.159533074
NORTE-PACIFICO,2023-03-18,564,473,91,0.161347518
NORTE-PACIFICO,2023-03-19,404,340,64,0.158415842
NORTE-PACIFICO,2023-03-20,450,373,77,0.171111111
NORTE-PACIFICO,2023-03-21,365,316,49,0.134246575
NORTE-PACIFICO,2023-03-22,406,352,54,0.133004926
NORTE-PACIFICO,2023-03-23,426,368,58,0.136150235
NORTE-PACIFICO,2023-03-24,487,428,59,0.121149897
NORTE-PACIFICO,2023-03-25,572,507,65,0.113636364
NORTE-PACIFICO,2023-03-26,459,404,55,0.119825708
NORTE-PACIFICO,2023-03-27,354,320,34,0.096045198
NORTE-PACIFICO,2023-03-28,395,356,39,0.098734177
NORTE-PACIFICO,2023-03-29,428,390,38,0.088785047
NORTE-PACIFICO,2023-03-30,488,444,44,0.090163934
NORTE-PACIFICO,2023-03-31,559,506,53,0.094812165
NORTE-PACIFICO,2023-04-01,574,522,52,0.090592334
NORTE-PACIFICO,2023-04-02,360,329,31,0.086111111
NORTE-PACIFICO,2023-04-03,480,442,38,0.079166667
NORTE-PACIFICO,2023-04-04,496,467,29,0.058467742
NORTE-PACIFICO,2023-04-05,451,416,35,0.077605322
NORTE-PACIFICO,2023-04-06,444,414,30,0.067567568
NORTE-PACIFICO,2023-04-07,388,367,21,0.054123711
NORTE-PACIFICO,2023-04-08,381,362,19,0.049868766
NORTE-PACIFICO,2023-04-09,259,242,17,0.065637066
NORTE-PACIFICO,2023-04-10,400,372,28,0.07
NORTE-PACIFICO,2023-04-11,450,418,32,0.071111111
NORTE-PACIFICO,2023-04-12,446,422,24,0.053811659
NORTE-PACIFICO,2023-04-13,445,426,19,0.042696629
NORTE-PACIFICO,2023-04-14,491,454,37,0.075356415
NORTE-PACIFICO,2023-04-15,678,645,33,0.048672566
NORTE-PACIFICO,2023-04-16,550,524,26,0.047272727
NORTE-PACIFICO,2023-04-17,474,453,21,0.044303797
NORTE-PACIFICO,2023-04-18,457,442,15,0.032822757
NORTE-PACIFICO,2023-04-19,429,410,19,0.044289044
NORTE-PACIFICO,2023-04-20,425,404,21,0.049411765
NORTE-PACIFICO,2023-04-21,457,425,32,0.070021882
NORTE-PACIFICO,2023-04-22,544,517,27,0.049632353
NORTE-PACIFICO,2023-04-23,386,365,21,0.054404145
NORTE-PACIFICO,2023-04-24,436,422,14,0.032110092
NORTE-PACIFICO,2023-04-25,564,526,38,0.067375887
NORTE-PACIFICO,2023-04-26,471,434,37,0.078556263
NORTE-PACIFICO,2023-04-27,423,397,26,0.061465721
NORTE-PACIFICO,2023-04-28,555,519,36,0.064864865
NORTE-PACIFICO,2023-04-29,648,603,45,0.069444444
NORTE-PACIFICO,2023-04-30,429,402,27,0.062937063
NORTE-PACIFICO,2023-05-01,361,333,28,0.077562327
NORTE-PACIFICO,2023-05-02,443,422,21,0.047404063
NORTE-PACIFICO,2023-05-03,438,419,19,0.043378995
NORTE-PACIFICO,2023-05-04,465,439,26,0.055913978
NORTE-PACIFICO,2023-05-05,499,469,30,0.06012024
NORTE-PACIFICO,2023-05-06,523,497,26,0.049713193
NORTE-PACIFICO,2023-05-07,396,377,19,0.047979798
NORTE-PACIFICO,2023-05-08,464,436,28,0.060344828
NORTE-PACIFICO,2023-05-09,511,491,20,0.039138943
NORTE-PACIFICO,2023-05-10,406,389,17,0.041871921
NORTE-PACIFICO,2023-05-11,471,453,18,0.038216561
NORTE-PACIFICO,2023-05-12,466,447,19,0.040772532
NORTE-PACIFICO,2023-05-13,697,660,37,0.053084648
NORTE-PACIFICO,2023-05-14,502,473,29,0.057768924
NORTE-PACIFICO,2023-05-15,587,552,35,0.059625213
NORTE-PACIFICO,2023-05-16,581,538,43,0.074010327
NORTE-PACIFICO,2023-05-17,518,469,49,0.094594595
NORTE-PACIFICO,2023-05-18,447,419,28,0.062639821
NORTE-PACIFICO,2023-05-19,437,402,35,0.080091533
NORTE-PACIFICO,2023-05-20,580,545,35,0.060344828
NORTE-PACIFICO,2023-05-21,477,449,28,0.05870021
NORTE-PACIFICO,2023-05-22,480,452,28,0.058333333
NORTE-PACIFICO,2023-05-23,441,400,41,0.092970522
NORTE-PACIFICO,2023-05-24,452,432,20,0.044247788
NORTE-PACIFICO,2023-05-25,484,445,39,0.080578512
NORTE-PACIFICO,2023-05-26,589,533,56,0.0950764006791171
NORTE-PACIFICO,2023-05-27,665,590,75,0.112781954887218
NORTE-PACIFICO,2023-05-28,402,370,32,0.0796019900497512
NORTE-PACIFICO,2023-05-29,548,518,30,0.0547445255474453
NORTE-PACIFICO,2023-05-30,495,452,43,0.0868686868686869
NORTE-PACIFICO,2023-05-31,586,536,50,0.0853242320819113
NORTE-PACIFICO,2023-06-01,439,412,27,0.061503416856492
NORTE-PACIFICO,2023-06-01,439,437,2,0.00455580865603645
NORTE-PACIFICO,2023-06-01,439,437,2,0.00455580865603645
NORTE-PACIFICO,2023-06-02,441,406,35,0.0793650793650794
NORTE-PACIFICO,2023-06-02,441,406,35,0.0793650793650794
NORTE-PACIFICO,2023-06-03,585,527,58,0.0991452991452991
NORTE-PACIFICO,2023-06-03,585,527,58,0.0991452991452991
NORTE-PACIFICO,2023-06-04,439,387,52,0.118451025056948
NORTE-PACIFICO,2023-06-04,439,387,52,0.118451025056948
NORTE-PACIFICO,2023-06-05,453,423,30,0.0662251655629139
NORTE-PACIFICO,2023-06-06,495,463,32,0.0646464646464646
NORTE-PACIFICO,2023-06-07,464,421,43,0.0926724137931035
NORTE-PACIFICO,2023-06-08,497,470,27,0.0543259557344064
NORTE-PACIFICO,2023-06-09,519,470,49,0.0944123314065511
NORTE-PACIFICO,2023-06-10,632,580,52,0.0822784810126582
NORTE-PACIFICO,2023-06-11,500,449,51,0.102
NORTE-PACIFICO,2023-06-12,515,477,38,0.0737864077669903
NORTE-PACIFICO,2023-06-13,589,550,39,0.066213921901528
NORTE-PACIFICO,2023-06-14,533,504,29,0.0544090056285178
NORTE-PACIFICO,2023-06-15,506,475,31,0.0612648221343874
NORTE-PACIFICO,2023-06-16,504,469,35,0.0694444444444444
NORTE-PACIFICO,2023-06-17,608,566,42,0.0690789473684211
NORTE-PACIFICO,2023-06-18,433,392,41,0.0946882217090069
NORTE-PACIFICO,2023-06-19,539,504,35,0.0649350649350649
NORTE-PACIFICO,2023-06-20,474,449,25,0.0527426160337553
NORTE-PACIFICO,2023-06-21,517,481,36,0.0696324951644101
NORTE-PACIFICO,2023-06-22,410,379,31,0.075609756097561
NORTE-PACIFICO,2023-06-23,415,397,18,0.0433734939759036
NORTE-PACIFICO,2023-06-24,544,521,23,0.0422794117647059
NORTE-PACIFICO,2023-06-25,401,370,31,0.0773067331670823
NORTE-PACIFICO,2023-06-26,438,416,22,0.0502283105022831
NORTE-PACIFICO,2023-06-27,489,468,21,0.0429447852760736
NORTE-PACIFICO,2023-06-28,476,461,15,0.0315126050420168
NORTE-PACIFICO,2023-06-29,450,436,14,0.0311111111111111
NORTE-PACIFICO,2023-06-30,320,287,33,0.103125
NORTE-PACIFICO,2023-07-01,538,514,24,0.0446096654275093
NORTE-PACIFICO,2023-07-02,333,319,14,0.042042042042042
NORTE-PACIFICO,2023-07-03,426,411,15,0.0352112676056338
NORTE-PACIFICO,2023-07-04,391,383,8,0.020460358056266
NORTE-PACIFICO,2023-07-05,297,287,10,0.0336700336700337
NORTE-PACIFICO,2023-07-06,292,281,11,0.0376712328767123
NORTE-PACIFICO,2023-07-07,288,286,2,0.00694444444444444
NORTE-PACIFICO,2023-07-08,465,458,7,0.0150537634408602
NORTE-PACIFICO,2023-07-09,419,414,5,0.0119331742243437
NORTE-PACIFICO,2023-07-10,462,442,20,0.0432900432900433
NORTE-PACIFICO,2023-07-11,377,366,11,0.0291777188328912
NORTE-PACIFICO,2023-07-12,443,428,15,0.0338600451467269
NORTE-PACIFICO,2023-07-13,381,369,12,0.031496062992126
NORTE-PACIFICO,2023-07-14,396,380,16,0.0404040404040404
NORTE-PACIFICO,2023-07-15,436,421,15,0.0344036697247706
NORTE-PACIFICO,2023-07-16,302,289,13,0.043046357615894
NORTE-PACIFICO,2023-07-17,429,418,11,0.0256410256410256
NORTE-PACIFICO,2023-07-18,413,401,12,0.0290556900726392
NORTE-PACIFICO,2023-07-19,428,411,17,0.0397196261682243
OCCIDENTE-BAJIO,2023-01-02,421,263,158,0.375296912
OCCIDENTE-BAJIO,2023-01-03,568,366,202,0.355633803
OCCIDENTE-BAJIO,2023-01-04,538,337,201,0.373605948
OCCIDENTE-BAJIO,2023-01-05,513,325,188,0.366471735
OCCIDENTE-BAJIO,2023-01-06,551,362,189,0.343012704
OCCIDENTE-BAJIO,2023-01-07,631,412,219,0.347068146
OCCIDENTE-BAJIO,2023-01-08,350,239,111,0.317142857
OCCIDENTE-BAJIO,2023-01-09,545,354,191,0.350458716
OCCIDENTE-BAJIO,2023-01-10,598,398,200,0.334448161
OCCIDENTE-BAJIO,2023-01-11,606,396,210,0.346534653
OCCIDENTE-BAJIO,2023-01-12,544,366,178,0.327205882
OCCIDENTE-BAJIO,2023-01-13,565,357,208,0.368141593
OCCIDENTE-BAJIO,2023-01-14,652,449,203,0.311349693
OCCIDENTE-BAJIO,2023-01-15,422,296,126,0.298578199
OCCIDENTE-BAJIO,2023-01-16,546,364,182,0.333333333
OCCIDENTE-BAJIO,2023-01-17,593,408,185,0.311973019
OCCIDENTE-BAJIO,2023-01-18,498,343,155,0.31124498
OCCIDENTE-BAJIO,2023-01-19,524,360,164,0.312977099
OCCIDENTE-BAJIO,2023-01-20,529,328,201,0.379962193
OCCIDENTE-BAJIO,2023-01-21,596,251,345,0.57885906
OCCIDENTE-BAJIO,2023-01-22,384,174,210,0.546875
OCCIDENTE-BAJIO,2023-01-23,499,222,277,0.55511022
OCCIDENTE-BAJIO,2023-01-24,556,232,324,0.582733813
OCCIDENTE-BAJIO,2023-01-25,544,255,289,0.53125
OCCIDENTE-BAJIO,2023-01-26,562,236,326,0.580071174
OCCIDENTE-BAJIO,2023-01-27,574,269,305,0.531358885
OCCIDENTE-BAJIO,2023-01-28,663,312,351,0.529411765
OCCIDENTE-BAJIO,2023-01-29,396,181,215,0.542929293
OCCIDENTE-BAJIO,2023-01-30,592,256,336,0.567567568
OCCIDENTE-BAJIO,2023-01-31,668,318,350,0.523952096
OCCIDENTE-BAJIO,2023-02-01,536,249,287,0.535447761
OCCIDENTE-BAJIO,2023-02-02,591,225,366,0.61928934
OCCIDENTE-BAJIO,2023-02-03,583,272,311,0.533447684
OCCIDENTE-BAJIO,2023-02-04,637,285,352,0.552590267
OCCIDENTE-BAJIO,2023-02-05,376,174,202,0.537234043
OCCIDENTE-BAJIO,2023-02-06,546,251,295,0.54029304
OCCIDENTE-BAJIO,2023-02-07,615,279,336,0.546341463
OCCIDENTE-BAJIO,2023-02-08,537,232,305,0.567970205
OCCIDENTE-BAJIO,2023-02-09,524,254,270,0.515267176
OCCIDENTE-BAJIO,2023-02-10,542,263,279,0.514760148
OCCIDENTE-BAJIO,2023-02-11,609,297,312,0.512315271
OCCIDENTE-BAJIO,2023-02-12,347,158,189,0.544668588
OCCIDENTE-BAJIO,2023-02-13,467,214,253,0.541755889
OCCIDENTE-BAJIO,2023-02-14,484,205,279,0.576446281
OCCIDENTE-BAJIO,2023-02-15,494,235,259,0.524291498
OCCIDENTE-BAJIO,2023-02-16,565,230,335,0.592920354
OCCIDENTE-BAJIO,2023-02-17,528,192,336,0.636363636
OCCIDENTE-BAJIO,2023-02-18,674,313,361,0.535608309
OCCIDENTE-BAJIO,2023-02-19,366,165,201,0.549180328
OCCIDENTE-BAJIO,2023-02-20,478,221,257,0.537656904
OCCIDENTE-BAJIO,2023-02-21,574,283,291,0.506968641
OCCIDENTE-BAJIO,2023-02-22,519,298,221,0.425818882
OCCIDENTE-BAJIO,2023-02-23,472,290,182,0.38559322
OCCIDENTE-BAJIO,2023-02-24,498,328,170,0.341365462
OCCIDENTE-BAJIO,2023-02-25,651,443,208,0.319508449
OCCIDENTE-BAJIO,2023-02-26,320,190,130,0.40625
OCCIDENTE-BAJIO,2023-02-27,489,333,156,0.319018405
OCCIDENTE-BAJIO,2023-02-28,585,402,183,0.312820513
OCCIDENTE-BAJIO,2023-03-01,523,345,178,0.340344168
OCCIDENTE-BAJIO,2023-03-02,552,358,194,0.351449275
OCCIDENTE-BAJIO,2023-03-03,538,359,179,0.332713755
OCCIDENTE-BAJIO,2023-03-04,617,406,211,0.34197731
OCCIDENTE-BAJIO,2023-03-05,325,214,111,0.341538462
OCCIDENTE-BAJIO,2023-03-06,436,293,143,0.327981651
OCCIDENTE-BAJIO,2023-03-07,536,376,160,0.298507463
OCCIDENTE-BAJIO,2023-03-08,526,393,133,0.252851711
OCCIDENTE-BAJIO,2023-03-09,478,422,56,0.117154812
OCCIDENTE-BAJIO,2023-03-10,465,403,62,0.133333333
OCCIDENTE-BAJIO,2023-03-11,586,492,94,0.160409556
OCCIDENTE-BAJIO,2023-03-12,377,328,49,0.129973475
OCCIDENTE-BAJIO,2023-03-13,441,383,58,0.131519274
OCCIDENTE-BAJIO,2023-03-14,520,447,73,0.140384615
OCCIDENTE-BAJIO,2023-03-15,537,483,54,0.100558659
OCCIDENTE-BAJIO,2023-03-16,578,534,44,0.076124567
OCCIDENTE-BAJIO,2023-03-17,681,606,75,0.110132159
OCCIDENTE-BAJIO,2023-03-18,829,727,102,0.123039807
OCCIDENTE-BAJIO,2023-03-19,506,462,44,0.086956522
OCCIDENTE-BAJIO,2023-03-20,652,588,64,0.098159509
OCCIDENTE-BAJIO,2023-03-21,611,565,46,0.075286416
OCCIDENTE-BAJIO,2023-03-22,561,526,35,0.062388592
OCCIDENTE-BAJIO,2023-03-23,519,490,29,0.055876686
OCCIDENTE-BAJIO,2023-03-24,550,515,35,0.063636364
OCCIDENTE-BAJIO,2023-03-25,687,648,39,0.056768559
OCCIDENTE-BAJIO,2023-03-26,451,424,27,0.059866962
OCCIDENTE-BAJIO,2023-03-27,456,431,25,0.054824561
OCCIDENTE-BAJIO,2023-03-28,467,446,21,0.04496788
OCCIDENTE-BAJIO,2023-03-29,551,516,35,0.063520871
OCCIDENTE-BAJIO,2023-03-30,599,554,45,0.075125209
OCCIDENTE-BAJIO,2023-03-31,838,781,57,0.068019093
OCCIDENTE-BAJIO,2023-04-01,680,648,32,0.047058824
OCCIDENTE-BAJIO,2023-04-02,340,325,15,0.044117647
OCCIDENTE-BAJIO,2023-04-03,553,536,17,0.03074141
OCCIDENTE-BAJIO,2023-04-04,632,592,40,0.063291139
OCCIDENTE-BAJIO,2023-04-05,519,472,47,0.090558767
OCCIDENTE-BAJIO,2023-04-06,520,488,32,0.061538462
OCCIDENTE-BAJIO,2023-04-07,396,371,25,0.063131313
OCCIDENTE-BAJIO,2023-04-08,306,293,13,0.04248366
OCCIDENTE-BAJIO,2023-04-09,224,216,8,0.035714286
OCCIDENTE-BAJIO,2023-04-10,443,415,28,0.063205418
OCCIDENTE-BAJIO,2023-04-11,513,468,45,0.087719298
OCCIDENTE-BAJIO,2023-04-12,507,461,46,0.090729783
OCCIDENTE-BAJIO,2023-04-13,448,412,36,0.080357143
OCCIDENTE-BAJIO,2023-04-14,547,510,37,0.067641682
OCCIDENTE-BAJIO,2023-04-15,764,703,61,0.079842932
OCCIDENTE-BAJIO,2023-04-16,445,421,24,0.053932584
OCCIDENTE-BAJIO,2023-04-17,504,475,29,0.057539683
OCCIDENTE-BAJIO,2023-04-18,551,482,69,0.12522686
OCCIDENTE-BAJIO,2023-04-19,517,464,53,0.102514507
OCCIDENTE-BAJIO,2023-04-20,502,469,33,0.065737052
OCCIDENTE-BAJIO,2023-04-21,495,450,45,0.090909091
OCCIDENTE-BAJIO,2023-04-22,609,561,48,0.078817734
OCCIDENTE-BAJIO,2023-04-23,379,348,31,0.081794195
OCCIDENTE-BAJIO,2023-04-24,547,508,39,0.071297989
OCCIDENTE-BAJIO,2023-04-25,651,596,55,0.084485407
OCCIDENTE-BAJIO,2023-04-26,586,539,47,0.080204778
OCCIDENTE-BAJIO,2023-04-27,481,445,36,0.074844075
OCCIDENTE-BAJIO,2023-04-28,594,542,52,0.087542088
OCCIDENTE-BAJIO,2023-04-29,733,661,72,0.098226467
OCCIDENTE-BAJIO,2023-04-30,446,407,39,0.087443946
OCCIDENTE-BAJIO,2023-05-01,461,415,46,0.09978308
OCCIDENTE-BAJIO,2023-05-02,541,503,38,0.070240296
OCCIDENTE-BAJIO,2023-05-03,486,445,41,0.08436214
OCCIDENTE-BAJIO,2023-05-04,489,433,56,0.114519427
OCCIDENTE-BAJIO,2023-05-05,523,475,48,0.091778203
OCCIDENTE-BAJIO,2023-05-06,561,512,49,0.087344029
OCCIDENTE-BAJIO,2023-05-07,336,317,19,0.056547619
OCCIDENTE-BAJIO,2023-05-08,458,418,40,0.087336245
OCCIDENTE-BAJIO,2023-05-09,505,469,36,0.071287129
OCCIDENTE-BAJIO,2023-05-10,426,385,41,0.096244131
OCCIDENTE-BAJIO,2023-05-11,449,415,34,0.075723831
OCCIDENTE-BAJIO,2023-05-12,438,405,33,0.075342466
OCCIDENTE-BAJIO,2023-05-13,667,604,63,0.094452774
OCCIDENTE-BAJIO,2023-05-14,557,518,39,0.070017953
OCCIDENTE-BAJIO,2023-05-15,681,620,61,0.089574156
OCCIDENTE-BAJIO,2023-05-16,796,694,102,0.128140704
OCCIDENTE-BAJIO,2023-05-17,633,574,59,0.093206951
OCCIDENTE-BAJIO,2023-05-18,541,497,44,0.081330869
OCCIDENTE-BAJIO,2023-05-19,521,462,59,0.113243762
OCCIDENTE-BAJIO,2023-05-20,697,625,72,0.103299857
OCCIDENTE-BAJIO,2023-05-21,481,434,47,0.097713098
OCCIDENTE-BAJIO,2023-05-22,541,482,59,0.109057301
OCCIDENTE-BAJIO,2023-05-23,549,499,50,0.091074681
OCCIDENTE-BAJIO,2023-05-24,535,472,63,0.117757009
OCCIDENTE-BAJIO,2023-05-25,551,484,67,0.121597096
OCCIDENTE-BAJIO,2023-05-26,626,560,66,0.105431309904153
OCCIDENTE-BAJIO,2023-05-27,739,658,81,0.109607577807848
OCCIDENTE-BAJIO,2023-05-28,504,434,70,0.138888888888889
OCCIDENTE-BAJIO,2023-05-29,575,489,86,0.149565217391304
OCCIDENTE-BAJIO,2023-05-30,711,604,107,0.150492264416315
OCCIDENTE-BAJIO,2023-05-31,818,717,101,0.123471882640587
OCCIDENTE-BAJIO,2023-06-01,650,566,84,0.129230769230769
OCCIDENTE-BAJIO,2023-06-01,654,648,6,0.00917431192660551
OCCIDENTE-BAJIO,2023-06-01,654,648,6,0.00917431192660551
OCCIDENTE-BAJIO,2023-06-02,572,503,69,0.120629370629371
OCCIDENTE-BAJIO,2023-06-02,572,503,69,0.120629370629371
OCCIDENTE-BAJIO,2023-06-03,709,636,73,0.10296191819464
OCCIDENTE-BAJIO,2023-06-03,709,636,73,0.10296191819464
OCCIDENTE-BAJIO,2023-06-04,513,458,55,0.107212475633528
OCCIDENTE-BAJIO,2023-06-04,513,458,55,0.107212475633528
OCCIDENTE-BAJIO,2023-06-05,587,515,72,0.122657580919932
OCCIDENTE-BAJIO,2023-06-06,614,563,51,0.0830618892508143
OCCIDENTE-BAJIO,2023-06-07,570,508,62,0.108771929824561
OCCIDENTE-BAJIO,2023-06-08,594,536,58,0.0976430976430976
OCCIDENTE-BAJIO,2023-06-09,596,547,49,0.0822147651006711
OCCIDENTE-BAJIO,2023-06-10,714,651,63,0.0882352941176471
OCCIDENTE-BAJIO,2023-06-11,477,437,40,0.0838574423480084
OCCIDENTE-BAJIO,2023-06-12,575,512,63,0.109565217391304
OCCIDENTE-BAJIO,2023-06-13,604,537,67,0.110927152317881
OCCIDENTE-BAJIO,2023-06-14,636,585,51,0.080188679245283
OCCIDENTE-BAJIO,2023-06-15,624,576,48,0.0769230769230769
OCCIDENTE-BAJIO,2023-06-16,623,574,49,0.0786516853932584
OCCIDENTE-BAJIO,2023-06-17,675,613,62,0.0918518518518519
OCCIDENTE-BAJIO,2023-06-18,453,416,37,0.0816777041942605
OCCIDENTE-BAJIO,2023-06-19,564,512,52,0.0921985815602837
OCCIDENTE-BAJIO,2023-06-20,580,532,48,0.0827586206896552
OCCIDENTE-BAJIO,2023-06-21,607,558,49,0.0807248764415156
OCCIDENTE-BAJIO,2023-06-22,566,524,42,0.0742049469964664
OCCIDENTE-BAJIO,2023-06-23,490,456,34,0.0693877551020408
OCCIDENTE-BAJIO,2023-06-24,613,568,45,0.0734094616639478
OCCIDENTE-BAJIO,2023-06-25,430,407,23,0.0534883720930233
OCCIDENTE-BAJIO,2023-06-26,557,522,35,0.0628366247755835
OCCIDENTE-BAJIO,2023-06-27,611,582,29,0.0474631751227496
OCCIDENTE-BAJIO,2023-06-28,580,543,37,0.0637931034482759
OCCIDENTE-BAJIO,2023-06-29,578,535,43,0.0743944636678201
OCCIDENTE-BAJIO,2023-06-30,381,283,98,0.257217847769029
OCCIDENTE-BAJIO,2023-07-01,694,646,48,0.069164265129683
OCCIDENTE-BAJIO,2023-07-02,466,441,25,0.0536480686695279
OCCIDENTE-BAJIO,2023-07-03,577,556,21,0.0363951473136915
OCCIDENTE-BAJIO,2023-07-04,606,572,34,0.0561056105610561
OCCIDENTE-BAJIO,2023-07-05,423,390,33,0.0780141843971631
OCCIDENTE-BAJIO,2023-07-06,310,287,23,0.0741935483870968
OCCIDENTE-BAJIO,2023-07-07,585,562,23,0.0393162393162393
OCCIDENTE-BAJIO,2023-07-08,924,886,38,0.0411255411255411
OCCIDENTE-BAJIO,2023-07-09,492,469,23,0.0467479674796748
OCCIDENTE-BAJIO,2023-07-10,558,528,30,0.0537634408602151
OCCIDENTE-BAJIO,2023-07-11,604,564,40,0.0662251655629139
OCCIDENTE-BAJIO,2023-07-12,604,566,38,0.0629139072847682
OCCIDENTE-BAJIO,2023-07-13,552,514,38,0.0688405797101449
OCCIDENTE-BAJIO,2023-07-14,511,485,26,0.050880626223092
OCCIDENTE-BAJIO,2023-07-15,878,836,42,0.0478359908883827
OCCIDENTE-BAJIO,2023-07-16,400,382,18,0.045
OCCIDENTE-BAJIO,2023-07-17,561,529,32,0.0570409982174688
OCCIDENTE-BAJIO,2023-07-18,545,520,25,0.0458715596330275
OCCIDENTE-BAJIO,2023-07-19,571,545,26,0.0455341506129597
ORIENTE-SUR,2023-01-02,274,197,77,0.281021898
ORIENTE-SUR,2023-01-03,406,253,153,0.376847291
ORIENTE-SUR,2023-01-04,467,293,174,0.372591006
ORIENTE-SUR,2023-01-05,462,302,160,0.346320346
ORIENTE-SUR,2023-01-06,439,299,140,0.318906606
ORIENTE-SUR,2023-01-07,429,311,118,0.275058275
ORIENTE-SUR,2023-01-08,339,223,116,0.342182891
ORIENTE-SUR,2023-01-09,409,281,128,0.312958435
ORIENTE-SUR,2023-01-10,471,292,179,0.380042463
ORIENTE-SUR,2023-01-11,476,308,168,0.352941176
ORIENTE-SUR,2023-01-12,421,269,152,0.361045131
ORIENTE-SUR,2023-01-13,373,247,126,0.337801609
ORIENTE-SUR,2023-01-14,466,303,163,0.349785408
ORIENTE-SUR,2023-01-15,388,251,137,0.353092784
ORIENTE-SUR,2023-01-16,427,192,235,0.550351288
ORIENTE-SUR,2023-01-17,437,209,228,0.52173913
ORIENTE-SUR,2023-01-18,402,210,192,0.47761194
ORIENTE-SUR,2023-01-19,399,239,160,0.401002506
ORIENTE-SUR,2023-01-20,412,226,186,0.451456311
ORIENTE-SUR,2023-01-21,448,243,205,0.457589286
ORIENTE-SUR,2023-01-22,368,207,161,0.4375
ORIENTE-SUR,2023-01-23,422,221,201,0.476303318
ORIENTE-SUR,2023-01-24,394,197,197,0.5
ORIENTE-SUR,2023-01-25,440,237,203,0.461363636
ORIENTE-SUR,2023-01-26,386,189,197,0.510362694
ORIENTE-SUR,2023-01-27,381,196,185,0.485564304
ORIENTE-SUR,2023-01-28,424,218,206,0.485849057
ORIENTE-SUR,2023-01-29,369,174,195,0.528455285
ORIENTE-SUR,2023-01-30,383,189,194,0.506527415
ORIENTE-SUR,2023-01-31,479,246,233,0.486430063
ORIENTE-SUR,2023-02-01,466,230,236,0.506437768
ORIENTE-SUR,2023-02-02,461,242,219,0.47505423
ORIENTE-SUR,2023-02-03,449,214,235,0.523385301
ORIENTE-SUR,2023-02-04,522,255,267,0.511494253
ORIENTE-SUR,2023-02-05,379,180,199,0.525065963
ORIENTE-SUR,2023-02-06,437,203,234,0.535469108
ORIENTE-SUR,2023-02-07,395,202,193,0.488607595
ORIENTE-SUR,2023-02-08,437,235,202,0.462242563
ORIENTE-SUR,2023-02-09,402,210,192,0.47761194
ORIENTE-SUR,2023-02-10,408,205,203,0.49754902
ORIENTE-SUR,2023-02-11,462,239,223,0.482683983
ORIENTE-SUR,2023-02-12,341,165,176,0.516129032
ORIENTE-SUR,2023-02-13,364,178,186,0.510989011
ORIENTE-SUR,2023-02-14,400,178,222,0.555
ORIENTE-SUR,2023-02-15,432,205,227,0.525462963
ORIENTE-SUR,2023-02-16,443,212,231,0.521444695
ORIENTE-SUR,2023-02-17,378,182,196,0.518518519
ORIENTE-SUR,2023-02-18,451,243,208,0.461197339
ORIENTE-SUR,2023-02-19,357,163,194,0.543417367
ORIENTE-SUR,2023-02-20,388,211,177,0.456185567
ORIENTE-SUR,2023-02-21,427,239,188,0.44028103
ORIENTE-SUR,2023-02-22,383,203,180,0.46997389
ORIENTE-SUR,2023-02-23,403,233,170,0.421836228
ORIENTE-SUR,2023-02-24,450,276,174,0.386666667
ORIENTE-SUR,2023-02-25,465,283,182,0.391397849
ORIENTE-SUR,2023-02-26,361,214,147,0.407202216
ORIENTE-SUR,2023-02-27,462,260,202,0.437229437
ORIENTE-SUR,2023-02-28,457,263,194,0.424507659
ORIENTE-SUR,2023-03-01,424,225,199,0.469339623
ORIENTE-SUR,2023-03-02,379,217,162,0.427440633
ORIENTE-SUR,2023-03-03,404,261,143,0.353960396
ORIENTE-SUR,2023-03-04,463,251,212,0.457883369
ORIENTE-SUR,2023-03-05,322,181,141,0.437888199
ORIENTE-SUR,2023-03-06,404,253,151,0.373762376
ORIENTE-SUR,2023-03-07,432,284,148,0.342592593
ORIENTE-SUR,2023-03-08,438,320,118,0.269406393
ORIENTE-SUR,2023-03-09,401,320,81,0.201995012
ORIENTE-SUR,2023-03-10,392,339,53,0.135204082
ORIENTE-SUR,2023-03-11,452,379,73,0.161504425
ORIENTE-SUR,2023-03-12,354,292,62,0.175141243
ORIENTE-SUR,2023-03-13,404,339,65,0.160891089
ORIENTE-SUR,2023-03-14,413,361,52,0.12590799
ORIENTE-SUR,2023-03-15,451,398,53,0.11751663
ORIENTE-SUR,2023-03-16,518,479,39,0.075289575
ORIENTE-SUR,2023-03-17,568,496,72,0.126760563
ORIENTE-SUR,2023-03-18,648,587,61,0.094135802
ORIENTE-SUR,2023-03-19,440,393,47,0.106818182
ORIENTE-SUR,2023-03-20,558,504,54,0.096774194
ORIENTE-SUR,2023-03-21,533,502,31,0.058161351
ORIENTE-SUR,2023-03-22,457,430,27,0.059080963
ORIENTE-SUR,2023-03-23,470,449,21,0.044680851
ORIENTE-SUR,2023-03-24,498,473,25,0.050200803
ORIENTE-SUR,2023-03-25,513,491,22,0.04288499
ORIENTE-SUR,2023-03-26,416,393,23,0.055288462
ORIENTE-SUR,2023-03-27,365,349,16,0.043835616
ORIENTE-SUR,2023-03-28,389,370,19,0.048843188
ORIENTE-SUR,2023-03-29,440,428,12,0.027272727
ORIENTE-SUR,2023-03-30,505,484,21,0.041584158
ORIENTE-SUR,2023-03-31,673,632,41,0.060921248
ORIENTE-SUR,2023-04-01,538,512,26,0.048327138
ORIENTE-SUR,2023-04-02,347,332,15,0.043227666
ORIENTE-SUR,2023-04-03,492,478,14,0.028455285
ORIENTE-SUR,2023-04-04,462,443,19,0.041125541
ORIENTE-SUR,2023-04-05,386,340,46,0.119170984
ORIENTE-SUR,2023-04-06,432,415,17,0.039351852
ORIENTE-SUR,2023-04-07,365,351,14,0.038356164
ORIENTE-SUR,2023-04-08,333,319,14,0.042042042
ORIENTE-SUR,2023-04-09,226,219,7,0.030973451
ORIENTE-SUR,2023-04-10,365,343,22,0.060273973
ORIENTE-SUR,2023-04-11,405,377,28,0.069135802
ORIENTE-SUR,2023-04-12,411,375,36,0.087591241
ORIENTE-SUR,2023-04-13,379,364,15,0.039577836
ORIENTE-SUR,2023-04-14,464,438,26,0.056034483
ORIENTE-SUR,2023-04-15,640,597,43,0.0671875
ORIENTE-SUR,2023-04-16,533,517,16,0.030018762
ORIENTE-SUR,2023-04-17,473,454,19,0.040169133
ORIENTE-SUR,2023-04-18,403,381,22,0.054590571
ORIENTE-SUR,2023-04-19,417,396,21,0.050359712
ORIENTE-SUR,2023-04-20,437,409,28,0.064073227
ORIENTE-SUR,2023-04-21,435,417,18,0.04137931
ORIENTE-SUR,2023-04-22,514,487,27,0.052529183
ORIENTE-SUR,2023-04-23,401,376,25,0.06234414
ORIENTE-SUR,2023-04-24,484,468,16,0.033057851
ORIENTE-SUR,2023-04-25,609,570,39,0.064039409
ORIENTE-SUR,2023-04-26,511,489,22,0.043052838
ORIENTE-SUR,2023-04-27,411,384,27,0.065693431
ORIENTE-SUR,2023-04-28,512,475,37,0.072265625
ORIENTE-SUR,2023-04-29,635,606,29,0.045669291
ORIENTE-SUR,2023-04-30,484,458,26,0.053719008
ORIENTE-SUR,2023-05-01,452,431,21,0.046460177
ORIENTE-SUR,2023-05-02,428,410,18,0.042056075
ORIENTE-SUR,2023-05-03,395,378,17,0.043037975
ORIENTE-SUR,2023-05-04,375,354,21,0.056
ORIENTE-SUR,2023-05-05,440,422,18,0.040909091
ORIENTE-SUR,2023-05-06,477,462,15,0.031446541
ORIENTE-SUR,2023-05-07,298,281,17,0.05704698
ORIENTE-SUR,2023-05-08,350,331,19,0.054285714
ORIENTE-SUR,2023-05-09,443,427,16,0.036117381
ORIENTE-SUR,2023-05-10,356,335,21,0.058988764
ORIENTE-SUR,2023-05-11,375,346,29,0.077333333
ORIENTE-SUR,2023-05-12,399,387,12,0.030075188
ORIENTE-SUR,2023-05-13,588,561,27,0.045918367
ORIENTE-SUR,2023-05-14,555,532,23,0.041441441
ORIENTE-SUR,2023-05-15,625,601,24,0.0384
ORIENTE-SUR,2023-05-16,698,666,32,0.045845272
ORIENTE-SUR,2023-05-17,521,484,37,0.071017274
ORIENTE-SUR,2023-05-18,390,369,21,0.053846154
ORIENTE-SUR,2023-05-19,409,386,23,0.056234719
ORIENTE-SUR,2023-05-20,563,537,26,0.046181172
ORIENTE-SUR,2023-05-21,481,458,23,0.047817048
ORIENTE-SUR,2023-05-22,462,433,29,0.062770563
ORIENTE-SUR,2023-05-23,459,435,24,0.052287582
ORIENTE-SUR,2023-05-24,443,424,19,0.042889391
ORIENTE-SUR,2023-05-25,457,432,25,0.054704595
ORIENTE-SUR,2023-05-26,590,559,31,0.0525423728813559
ORIENTE-SUR,2023-05-27,670,634,36,0.0537313432835821
ORIENTE-SUR,2023-05-28,418,393,25,0.0598086124401914
ORIENTE-SUR,2023-05-29,549,522,27,0.0491803278688525
ORIENTE-SUR,2023-05-30,641,612,29,0.0452418096723869
ORIENTE-SUR,2023-05-31,698,667,31,0.0444126074498567
ORIENTE-SUR,2023-06-01,574,542,32,0.0557491289198606
ORIENTE-SUR,2023-06-01,574,568,6,0.0104529616724739
ORIENTE-SUR,2023-06-01,574,568,6,0.0104529616724739
ORIENTE-SUR,2023-06-02,506,486,20,0.0395256916996047
ORIENTE-SUR,2023-06-02,506,486,20,0.0395256916996047
ORIENTE-SUR,2023-06-03,555,535,20,0.036036036036036
ORIENTE-SUR,2023-06-03,555,535,20,0.036036036036036
ORIENTE-SUR,2023-06-04,559,526,33,0.0590339892665474
ORIENTE-SUR,2023-06-04,559,526,33,0.0590339892665474
ORIENTE-SUR,2023-06-05,519,506,13,0.0250481695568401
ORIENTE-SUR,2023-06-06,480,460,20,0.0416666666666667
ORIENTE-SUR,2023-06-07,458,429,29,0.0633187772925764
ORIENTE-SUR,2023-06-08,494,477,17,0.034412955465587
ORIENTE-SUR,2023-06-09,503,483,20,0.0397614314115308
ORIENTE-SUR,2023-06-10,624,597,27,0.0432692307692308
ORIENTE-SUR,2023-06-11,555,535,20,0.036036036036036
ORIENTE-SUR,2023-06-12,472,455,17,0.0360169491525424
ORIENTE-SUR,2023-06-13,465,451,14,0.0301075268817204
ORIENTE-SUR,2023-06-14,509,487,22,0.0432220039292731
ORIENTE-SUR,2023-06-15,590,571,19,0.0322033898305085
ORIENTE-SUR,2023-06-16,528,510,18,0.0340909090909091
ORIENTE-SUR,2023-06-17,636,612,24,0.0377358490566038
ORIENTE-SUR,2023-06-18,551,534,17,0.0308529945553539
ORIENTE-SUR,2023-06-19,577,564,13,0.0225303292894281
ORIENTE-SUR,2023-06-20,609,590,19,0.0311986863711002
ORIENTE-SUR,2023-06-21,566,541,25,0.0441696113074205
ORIENTE-SUR,2023-06-22,492,465,27,0.0548780487804878
ORIENTE-SUR,2023-06-23,471,451,20,0.0424628450106157
ORIENTE-SUR,2023-06-24,518,507,11,0.0212355212355212
ORIENTE-SUR,2023-06-25,523,507,16,0.0305927342256214
ORIENTE-SUR,2023-06-26,525,508,17,0.0323809523809524
ORIENTE-SUR,2023-06-27,582,565,17,0.0292096219931271
ORIENTE-SUR,2023-06-28,525,506,19,0.0361904761904762
ORIENTE-SUR,2023-06-29,589,571,18,0.0305602716468591
ORIENTE-SUR,2023-06-30,427,387,40,0.0936768149882904
ORIENTE-SUR,2023-07-01,672,649,23,0.0342261904761905
ORIENTE-SUR,2023-07-02,450,440,10,0.0222222222222222
ORIENTE-SUR,2023-07-03,565,552,13,0.0230088495575221
ORIENTE-SUR,2023-07-04,518,502,16,0.0308880308880309
ORIENTE-SUR,2023-07-05,522,503,19,0.0363984674329502
ORIENTE-SUR,2023-07-06,491,470,21,0.0427698574338086
ORIENTE-SUR,2023-07-07,593,569,24,0.0404721753794266
ORIENTE-SUR,2023-07-08,659,644,15,0.0227617602427921
ORIENTE-SUR,2023-07-09,511,499,12,0.0234833659491194
ORIENTE-SUR,2023-07-10,587,570,17,0.0289608177172061
ORIENTE-SUR,2023-07-11,581,565,16,0.0275387263339071
ORIENTE-SUR,2023-07-12,547,534,13,0.0237659963436929
ORIENTE-SUR,2023-07-13,505,485,20,0.0396039603960396
ORIENTE-SUR,2023-07-14,538,524,14,0.0260223048327138
ORIENTE-SUR,2023-07-15,635,623,12,0.0188976377952756
ORIENTE-SUR,2023-07-16,525,516,9,0.0171428571428571
ORIENTE-SUR,2023-07-17,539,521,18,0.0333951762523191
ORIENTE-SUR,2023-07-18,499,486,13,0.0260521042084168
ORIENTE-SUR,2023-07-19,491,480,11,0.0224032586558045