DIRECCION,Fecha,Instalaciones,Activaciones_automaticas,Ativaciones_manuales,&ActM
CENTRO,2023-01-02,871,597,274,0.314580941446613
CENTRO,2023-01-03,1070,742,328,0.306542056074766
CENTRO,2023-01-04,1123,789,334,0.297417631344613
CENTRO,2023-01-05,1099,736,363,0.330300272975432
CENTRO,2023-01-06,1045,741,304,0.290909090909091
CENTRO,2023-01-07,1278,867,411,0.321596244131455
CENTRO,2023-01-08,1024,741,283,0.2763671875
CENTRO,2023-01-09,1097,740,357,0.325432999088423
CENTRO,2023-01-10,1169,798,371,0.317365269461078
CENTRO,2023-01-11,1152,762,390,0.338541666666667
CENTRO,2023-01-12,1147,748,399,0.347863993025283
CENTRO,2023-01-13,1147,753,394,0.343504795117698
CENTRO,2023-01-14,1355,891,464,0.342435424354244
CENTRO,2023-01-15,1217,791,426,0.350041084634347
CENTRO,2023-01-16,1139,599,540,0.474100087796313
CENTRO,2023-01-17,1117,570,547,0.489704565801253
CENTRO,2023-01-18,1116,581,535,0.479390681003584
CENTRO,2023-01-19,1047,625,422,0.40305635148042
CENTRO,2023-01-20,1112,677,435,0.391187050359712
CENTRO,2023-01-21,1271,707,564,0.443745082612116
CENTRO,2023-01-22,1040,613,427,0.410576923076923
CENTRO,2023-01-23,1050,616,434,0.413333333333333
CENTRO,2023-01-24,1076,610,466,0.433085501858736
CENTRO,2023-01-25,1085,622,463,0.426728110599078
CENTRO,2023-01-26,1154,629,525,0.454939341421144
CENTRO,2023-01-27,1134,628,506,0.44620811287478
CENTRO,2023-01-28,1368,733,635,0.464181286549708
CENTRO,2023-01-29,1117,640,477,0.427036705461056
CENTRO,2023-01-30,1222,671,551,0.450900163666121
CENTRO,2023-01-31,1371,770,601,0.438366156090445
CENTRO,2023-02-01,1177,683,494,0.419711129991504
CENTRO,2023-02-02,1166,689,477,0.409090909090909
CENTRO,2023-02-03,1118,637,481,0.430232558139535
CENTRO,2023-02-04,1406,802,604,0.429587482219061
CENTRO,2023-02-05,1056,619,437,0.413825757575758
CENTRO,2023-02-06,1232,703,529,0.429383116883117
CENTRO,2023-02-07,1147,602,545,0.475152571926765
CENTRO,2023-02-08,1087,550,537,0.494020239190432
CENTRO,2023-02-09,1072,578,494,0.460820895522388
CENTRO,2023-02-10,1097,556,541,0.493163172288058
CENTRO,2023-02-11,1255,630,625,0.49800796812749
CENTRO,2023-02-12,995,511,484,0.48643216080402
CENTRO,2023-02-13,1072,548,524,0.488805970149254
CENTRO,2023-02-14,1038,563,475,0.457610789980732
CENTRO,2023-02-15,1111,608,503,0.452745274527453
CENTRO,2023-02-16,1077,585,492,0.456824512534819
CENTRO,2023-02-17,1066,565,501,0.469981238273921
CENTRO,2023-02-18,1356,688,668,0.492625368731563
CENTRO,2023-02-19,1116,582,534,0.478494623655914
CENTRO,2023-02-20,1111,612,499,0.449144914491449
CENTRO,2023-02-21,1088,714,374,0.34375
CENTRO,2023-02-22,1054,719,335,0.317836812144212
CENTRO,2023-02-23,1033,744,289,0.279767666989351
CENTRO,2023-02-24,1086,772,314,0.289134438305709
CENTRO,2023-02-25,1302,905,397,0.304915514592934
CENTRO,2023-02-26,1064,733,331,0.31109022556391
CENTRO,2023-02-27,1168,800,368,0.315068493150685
CENTRO,2023-02-28,1314,924,390,0.296803652968037
CENTRO,2023-03-01,1127,783,344,0.305235137533274
CENTRO,2023-03-02,1062,731,331,0.311676082862524
CENTRO,2023-03-03,1236,895,341,0.27588996763754
CENTRO,2023-03-04,1420,996,424,0.298591549295775
CENTRO,2023-03-05,1198,792,406,0.33889816360601
CENTRO,2023-03-06,1071,764,307,0.286647992530345
CENTRO,2023-03-07,1173,837,336,0.286445012787724
CENTRO,2023-03-08,1186,900,286,0.24114671163575
CENTRO,2023-03-09,1141,893,248,0.217353198948291
CENTRO,2023-03-10,1035,850,185,0.178743961352657
CENTRO,2023-03-11,1293,1051,242,0.187161639597834
CENTRO,2023-03-12,1013,819,194,0.191510365251728
CENTRO,2023-03-13,1119,899,220,0.196604110813226
CENTRO,2023-03-14,1192,989,203,0.170302013422819
CENTRO,2023-03-15,1174,1052,122,0.103918228279387
CENTRO,2023-03-16,1346,1228,118,0.087667161961367
CENTRO,2023-03-17,1711,1568,143,0.0835768556399766
CENTRO,2023-03-18,1853,1685,168,0.0906637884511603
CENTRO,2023-03-19,1629,1496,133,0.0816451810926949
CENTRO,2023-03-20,1861,1727,134,0.0720042987641053
CENTRO,2023-03-21,1426,1365,61,0.0427769985974755
CENTRO,2023-03-22,1297,1238,59,0.0454895913646877
CENTRO,2023-03-23,1245,1191,54,0.0433734939759036
CENTRO,2023-03-24,1278,1234,44,0.0344287949921753
CENTRO,2023-03-25,1538,1489,49,0.0318595578673602
CENTRO,2023-03-26,1358,1317,41,0.0301914580265096
CENTRO,2023-03-27,1094,1062,32,0.0292504570383912
CENTRO,2023-03-28,984,958,26,0.0264227642276423
CENTRO,2023-03-29,1097,1076,21,0.0191431175934366
CENTRO,2023-03-30,1365,1321,44,0.0322344322344322
CENTRO,2023-03-31,1834,1775,59,0.0321701199563795
CENTRO,2023-04-01,1563,1528,35,0.0223928342930262
CENTRO,2023-04-02,1226,1190,36,0.0293637846655791
CENTRO,2023-04-03,1503,1468,35,0.0232867598137059
CENTRO,2023-04-04,1138,1106,32,0.0281195079086116
CENTRO,2023-04-05,1163,1104,59,0.0507308684436801
CENTRO,2023-04-06,1238,1215,23,0.018578352180937
CENTRO,2023-04-07,955,945,10,0.0104712041884817
CENTRO,2023-04-08,814,801,13,0.015970515970516
CENTRO,2023-04-09,720,707,13,0.0180555555555556
CENTRO,2023-04-10,934,915,19,0.0203426124197002
CENTRO,2023-04-11,1070,1035,35,0.0327102803738318
CENTRO,2023-04-12,1159,1128,31,0.0267471958584987
CENTRO,2023-04-13,1094,1071,23,0.0210237659963437
CENTRO,2023-04-14,1323,1280,43,0.0325018896447468
CENTRO,2023-04-15,1724,1653,71,0.0411832946635731
CENTRO,2023-04-16,1634,1604,30,0.018359853121175
CENTRO,2023-04-17,1447,1413,34,0.0234968901174845
CENTRO,2023-04-18,1226,1173,53,0.0432300163132137
CENTRO,2023-04-19,1144,1108,36,0.0314685314685315
CENTRO,2023-04-20,1072,1035,37,0.0345149253731343
CENTRO,2023-04-21,1234,1204,30,0.0243111831442464
CENTRO,2023-04-22,1399,1365,34,0.0243030736240172
CENTRO,2023-04-23,1241,1213,28,0.0225624496373892
CENTRO,2023-04-24,1363,1324,39,0.0286133528980191
CENTRO,2023-04-25,1527,1476,51,0.0333988212180747
CENTRO,2023-04-26,1293,1258,35,0.0270688321732405
CENTRO,2023-04-27,1102,1065,37,0.0335753176043557
CENTRO,2023-04-28,1376,1329,47,0.034156976744186
CENTRO,2023-04-29,1739,1683,56,0.0322024151811386
CENTRO,2023-04-30,1421,1371,50,0.0351864883884588
CENTRO,2023-05-01,1231,1182,49,0.0398050365556458
CENTRO,2023-05-02,1307,1254,53,0.0405508798775822
CENTRO,2023-05-03,1121,1082,39,0.0347903657448706
CENTRO,2023-05-04,1109,1073,36,0.0324616771866546
CENTRO,2023-05-05,1248,1209,39,0.03125
CENTRO,2023-05-06,1275,1227,48,0.0376470588235294
CENTRO,2023-05-07,986,961,25,0.0253549695740365
CENTRO,2023-05-08,1111,1077,34,0.0306030603060306
CENTRO,2023-05-09,1092,1056,36,0.032967032967033
CENTRO,2023-05-10,1092,1049,43,0.0393772893772894
CENTRO,2023-05-11,1044,1005,39,0.0373563218390805
NORESTE-FRONTERA,2023-01-02,423,325,98,0.231678486997636
NORESTE-FRONTERA,2023-01-03,505,386,119,0.235643564356436
NORESTE-FRONTERA,2023-01-04,530,381,149,0.281132075471698
NORESTE-FRONTERA,2023-01-05,527,429,98,0.18595825426945
NORESTE-FRONTERA,2023-01-06,600,451,149,0.248333333333333
NORESTE-FRONTERA,2023-01-07,650,487,163,0.250769230769231
NORESTE-FRONTERA,2023-01-08,393,290,103,0.262086513994911
NORESTE-FRONTERA,2023-01-09,533,388,145,0.272045028142589
NORESTE-FRONTERA,2023-01-10,535,416,119,0.222429906542056
NORESTE-FRONTERA,2023-01-11,538,417,121,0.224907063197026
NORESTE-FRONTERA,2023-01-12,487,373,114,0.234086242299795
NORESTE-FRONTERA,2023-01-13,557,447,110,0.197486535008977
NORESTE-FRONTERA,2023-01-14,617,491,126,0.204213938411669
NORESTE-FRONTERA,2023-01-15,396,317,79,0.19949494949495
NORESTE-FRONTERA,2023-01-16,514,391,123,0.239299610894942
NORESTE-FRONTERA,2023-01-17,520,398,122,0.234615384615385
NORESTE-FRONTERA,2023-01-18,472,369,103,0.218220338983051
NORESTE-FRONTERA,2023-01-19,480,374,106,0.220833333333333
NORESTE-FRONTERA,2023-01-20,525,425,100,0.19047619047619
NORESTE-FRONTERA,2023-01-21,638,508,130,0.203761755485893
NORESTE-FRONTERA,2023-01-22,331,250,81,0.244712990936556
NORESTE-FRONTERA,2023-01-23,440,341,99,0.225
NORESTE-FRONTERA,2023-01-24,479,388,91,0.189979123173278
NORESTE-FRONTERA,2023-01-25,487,378,109,0.223819301848049
NORESTE-FRONTERA,2023-01-26,461,342,119,0.258134490238612
NORESTE-FRONTERA,2023-01-27,502,391,111,0.221115537848606
NORESTE-FRONTERA,2023-01-28,681,456,225,0.330396475770925
NORESTE-FRONTERA,2023-01-29,400,286,114,0.285
NORESTE-FRONTERA,2023-01-30,498,379,119,0.238955823293173
NORESTE-FRONTERA,2023-01-31,500,390,110,0.22
NORESTE-FRONTERA,2023-02-01,449,363,86,0.191536748329621
NORESTE-FRONTERA,2023-02-02,507,389,118,0.232741617357002
NORESTE-FRONTERA,2023-02-03,517,401,116,0.224371373307544
NORESTE-FRONTERA,2023-02-04,673,522,151,0.224368499257058
NORESTE-FRONTERA,2023-02-05,428,333,95,0.22196261682243
NORESTE-FRONTERA,2023-02-06,434,356,78,0.179723502304147
NORESTE-FRONTERA,2023-02-07,503,406,97,0.192842942345924
NORESTE-FRONTERA,2023-02-08,486,395,91,0.187242798353909
NORESTE-FRONTERA,2023-02-09,524,424,100,0.190839694656489
NORESTE-FRONTERA,2023-02-10,516,421,95,0.184108527131783
NORESTE-FRONTERA,2023-02-11,632,462,170,0.268987341772152
NORESTE-FRONTERA,2023-02-12,458,358,100,0.218340611353712
NORESTE-FRONTERA,2023-02-13,479,371,108,0.225469728601253
NORESTE-FRONTERA,2023-02-14,472,368,104,0.220338983050847
NORESTE-FRONTERA,2023-02-15,517,415,102,0.197292069632495
NORESTE-FRONTERA,2023-02-16,541,436,105,0.194085027726433
NORESTE-FRONTERA,2023-02-17,562,435,127,0.225978647686833
NORESTE-FRONTERA,2023-02-18,707,547,160,0.226308345120226
NORESTE-FRONTERA,2023-02-19,444,333,111,0.25
NORESTE-FRONTERA,2023-02-20,485,373,112,0.230927835051546
NORESTE-FRONTERA,2023-02-21,495,375,120,0.242424242424242
NORESTE-FRONTERA,2023-02-22,521,390,131,0.251439539347409
NORESTE-FRONTERA,2023-02-23,497,369,128,0.257545271629779
NORESTE-FRONTERA,2023-02-24,497,359,138,0.277665995975855
NORESTE-FRONTERA,2023-02-25,727,486,241,0.331499312242091
NORESTE-FRONTERA,2023-02-26,437,331,106,0.242562929061785
NORESTE-FRONTERA,2023-02-27,513,374,139,0.270955165692008
NORESTE-FRONTERA,2023-02-28,623,458,165,0.264847512038523
NORESTE-FRONTERA,2023-03-01,576,438,138,0.239583333333333
NORESTE-FRONTERA,2023-03-02,612,453,159,0.259803921568627
NORESTE-FRONTERA,2023-03-03,651,488,163,0.250384024577573
NORESTE-FRONTERA,2023-03-04,757,539,218,0.287978863936592
NORESTE-FRONTERA,2023-03-05,384,273,111,0.2890625
NORESTE-FRONTERA,2023-03-06,501,379,122,0.243512974051896
NORESTE-FRONTERA,2023-03-07,584,436,148,0.253424657534247
NORESTE-FRONTERA,2023-03-08,612,448,164,0.26797385620915
NORESTE-FRONTERA,2023-03-09,571,477,94,0.164623467600701
NORESTE-FRONTERA,2023-03-10,618,516,102,0.16504854368932
NORESTE-FRONTERA,2023-03-11,772,638,134,0.173575129533679
NORESTE-FRONTERA,2023-03-12,488,403,85,0.174180327868852
NORESTE-FRONTERA,2023-03-13,535,453,82,0.153271028037383
NORESTE-FRONTERA,2023-03-14,621,515,106,0.170692431561997
NORESTE-FRONTERA,2023-03-15,564,521,43,0.076241134751773
NORESTE-FRONTERA,2023-03-16,645,607,38,0.0589147286821705
NORESTE-FRONTERA,2023-03-17,744,685,59,0.0793010752688172
NORESTE-FRONTERA,2023-03-18,937,875,62,0.0661686232657417
NORESTE-FRONTERA,2023-03-19,571,530,41,0.0718038528896672
NORESTE-FRONTERA,2023-03-20,642,594,48,0.0747663551401869
NORESTE-FRONTERA,2023-03-21,701,666,35,0.0499286733238231
NORESTE-FRONTERA,2023-03-22,664,639,25,0.0376506024096386
NORESTE-FRONTERA,2023-03-23,683,657,26,0.0380673499267936
NORESTE-FRONTERA,2023-03-24,700,666,34,0.0485714285714286
NORESTE-FRONTERA,2023-03-25,777,737,40,0.0514800514800515
NORESTE-FRONTERA,2023-03-26,501,469,32,0.063872255489022
NORESTE-FRONTERA,2023-03-27,620,596,24,0.0387096774193548
NORESTE-FRONTERA,2023-03-28,493,477,16,0.0324543610547667
NORESTE-FRONTERA,2023-03-29,596,562,34,0.0570469798657718
NORESTE-FRONTERA,2023-03-30,678,643,35,0.051622418879056
NORESTE-FRONTERA,2023-03-31,939,904,35,0.0372736954206603
NORESTE-FRONTERA,2023-04-01,745,721,24,0.0322147651006711
NORESTE-FRONTERA,2023-04-02,440,421,19,0.0431818181818182
NORESTE-FRONTERA,2023-04-03,678,661,17,0.0250737463126844
NORESTE-FRONTERA,2023-04-04,591,583,8,0.0135363790186125
NORESTE-FRONTERA,2023-04-05,533,517,16,0.0300187617260788
NORESTE-FRONTERA,2023-04-06,613,607,6,0.00978792822185971
NORESTE-FRONTERA,2023-04-07,580,NA,NA,NA
NORESTE-FRONTERA,2023-04-08,542,541,1,0.0018450184501845
NORESTE-FRONTERA,2023-04-09,322,NA,NA,NA
NORESTE-FRONTERA,2023-04-10,474,467,7,0.0147679324894515
NORESTE-FRONTERA,2023-04-11,565,559,6,0.0106194690265487
NORESTE-FRONTERA,2023-04-12,525,519,6,0.0114285714285714
NORESTE-FRONTERA,2023-04-13,513,505,8,0.0155945419103314
NORESTE-FRONTERA,2023-04-14,683,673,10,0.0146412884333821
NORESTE-FRONTERA,2023-04-15,841,819,22,0.0261593341260404
NORESTE-FRONTERA,2023-04-16,533,522,11,0.0206378986866792
NORESTE-FRONTERA,2023-04-17,643,631,12,0.0186625194401244
NORESTE-FRONTERA,2023-04-18,636,622,14,0.0220125786163522
NORESTE-FRONTERA,2023-04-19,562,549,13,0.0231316725978648
NORESTE-FRONTERA,2023-04-20,571,554,17,0.0297723292469352
NORESTE-FRONTERA,2023-04-21,698,679,19,0.0272206303724928
NORESTE-FRONTERA,2023-04-22,733,710,23,0.0313778990450205
NORESTE-FRONTERA,2023-04-23,541,532,9,0.0166358595194085
NORESTE-FRONTERA,2023-04-24,622,608,14,0.022508038585209
NORESTE-FRONTERA,2023-04-25,731,717,14,0.0191518467852257
NORESTE-FRONTERA,2023-04-26,679,667,12,0.0176730486008837
NORESTE-FRONTERA,2023-04-27,588,571,17,0.0289115646258503
NORESTE-FRONTERA,2023-04-28,700,681,19,0.0271428571428571
NORESTE-FRONTERA,2023-04-29,795,770,25,0.0314465408805031
NORESTE-FRONTERA,2023-04-30,623,602,21,0.0337078651685393
NORESTE-FRONTERA,2023-05-01,512,498,14,0.02734375
NORESTE-FRONTERA,2023-05-02,584,571,13,0.0222602739726027
NORESTE-FRONTERA,2023-05-03,557,545,12,0.0215439856373429
NORESTE-FRONTERA,2023-05-04,589,575,14,0.0237691001697793
NORESTE-FRONTERA,2023-05-05,680,665,15,0.0220588235294118
NORESTE-FRONTERA,2023-05-06,699,683,16,0.0228898426323319
NORESTE-FRONTERA,2023-05-07,541,529,12,0.022181146025878
NORESTE-FRONTERA,2023-05-08,559,539,20,0.035778175313059
NORESTE-FRONTERA,2023-05-09,620,600,20,0.032258064516129
NORESTE-FRONTERA,2023-05-10,567,542,25,0.0440917107583774
NORESTE-FRONTERA,2023-05-11,592,564,28,0.0472972972972973
NORTE-PACIFICO,2023-01-02,342,224,118,0.345029239766082
NORTE-PACIFICO,2023-01-03,415,260,155,0.373493975903614
NORTE-PACIFICO,2023-01-04,428,268,160,0.373831775700935
NORTE-PACIFICO,2023-01-05,391,220,171,0.437340153452685
NORTE-PACIFICO,2023-01-06,414,246,168,0.405797101449275
NORTE-PACIFICO,2023-01-07,527,343,184,0.349146110056926
NORTE-PACIFICO,2023-01-08,424,275,149,0.351415094339623
NORTE-PACIFICO,2023-01-09,419,288,131,0.312649164677804
NORTE-PACIFICO,2023-01-10,471,295,176,0.373673036093418
NORTE-PACIFICO,2023-01-11,441,276,165,0.374149659863946
NORTE-PACIFICO,2023-01-12,455,294,161,0.353846153846154
NORTE-PACIFICO,2023-01-13,489,314,175,0.357873210633947
NORTE-PACIFICO,2023-01-14,480,323,157,0.327083333333333
NORTE-PACIFICO,2023-01-15,352,246,106,0.301136363636364
NORTE-PACIFICO,2023-01-16,343,222,121,0.352769679300292
NORTE-PACIFICO,2023-01-17,384,260,124,0.322916666666667
NORTE-PACIFICO,2023-01-18,377,182,195,0.517241379310345
NORTE-PACIFICO,2023-01-19,430,178,252,0.586046511627907
NORTE-PACIFICO,2023-01-20,412,165,247,0.599514563106796
NORTE-PACIFICO,2023-01-21,479,147,332,0.693110647181628
NORTE-PACIFICO,2023-01-22,370,99,271,0.732432432432432
NORTE-PACIFICO,2023-01-23,401,114,287,0.71571072319202
NORTE-PACIFICO,2023-01-24,436,129,307,0.704128440366973
NORTE-PACIFICO,2023-01-25,416,122,294,0.706730769230769
NORTE-PACIFICO,2023-01-26,413,97,316,0.765133171912833
NORTE-PACIFICO,2023-01-27,455,118,337,0.740659340659341
NORTE-PACIFICO,2023-01-28,478,111,367,0.767782426778243
NORTE-PACIFICO,2023-01-29,368,108,260,0.706521739130435
NORTE-PACIFICO,2023-01-30,400,102,298,0.745
NORTE-PACIFICO,2023-01-31,460,146,314,0.682608695652174
NORTE-PACIFICO,2023-02-01,402,126,276,0.686567164179104
NORTE-PACIFICO,2023-02-02,432,127,305,0.706018518518518
NORTE-PACIFICO,2023-02-03,425,124,301,0.708235294117647
NORTE-PACIFICO,2023-02-04,511,141,370,0.724070450097847
NORTE-PACIFICO,2023-02-05,354,86,268,0.757062146892655
NORTE-PACIFICO,2023-02-06,439,115,324,0.738041002277904
NORTE-PACIFICO,2023-02-07,437,133,304,0.695652173913043
NORTE-PACIFICO,2023-02-08,436,138,298,0.68348623853211
NORTE-PACIFICO,2023-02-09,424,121,303,0.714622641509434
NORTE-PACIFICO,2023-02-10,544,141,403,0.740808823529412
NORTE-PACIFICO,2023-02-11,526,133,393,0.747148288973384
NORTE-PACIFICO,2023-02-12,331,77,254,0.767371601208459
NORTE-PACIFICO,2023-02-13,384,101,283,0.736979166666667
NORTE-PACIFICO,2023-02-14,384,103,281,0.731770833333333
NORTE-PACIFICO,2023-02-15,457,135,322,0.704595185995624
NORTE-PACIFICO,2023-02-16,417,124,293,0.702637889688249
NORTE-PACIFICO,2023-02-17,467,111,356,0.762312633832976
NORTE-PACIFICO,2023-02-18,548,145,403,0.735401459854015
NORTE-PACIFICO,2023-02-19,302,64,238,0.788079470198676
NORTE-PACIFICO,2023-02-20,454,109,345,0.759911894273128
NORTE-PACIFICO,2023-02-21,463,129,334,0.721382289416847
NORTE-PACIFICO,2023-02-22,419,120,299,0.713603818615752
NORTE-PACIFICO,2023-02-23,382,127,255,0.667539267015707
NORTE-PACIFICO,2023-02-24,442,152,290,0.656108597285068
NORTE-PACIFICO,2023-02-25,424,131,293,0.691037735849057
NORTE-PACIFICO,2023-02-26,322,96,226,0.701863354037267
NORTE-PACIFICO,2023-02-27,438,136,302,0.689497716894977
NORTE-PACIFICO,2023-02-28,434,148,286,0.658986175115207
NORTE-PACIFICO,2023-03-01,328,116,212,0.646341463414634
NORTE-PACIFICO,2023-03-02,445,135,310,0.696629213483146
NORTE-PACIFICO,2023-03-03,507,163,344,0.678500986193294
NORTE-PACIFICO,2023-03-04,636,184,452,0.710691823899371
NORTE-PACIFICO,2023-03-05,449,123,326,0.726057906458797
NORTE-PACIFICO,2023-03-06,407,135,272,0.668304668304668
NORTE-PACIFICO,2023-03-07,434,152,282,0.649769585253456
NORTE-PACIFICO,2023-03-08,508,153,355,0.698818897637795
NORTE-PACIFICO,2023-03-09,466,211,255,0.547210300429185
NORTE-PACIFICO,2023-03-10,374,196,178,0.475935828877005
NORTE-PACIFICO,2023-03-11,572,280,292,0.510489510489511
NORTE-PACIFICO,2023-03-12,402,192,210,0.522388059701492
NORTE-PACIFICO,2023-03-13,397,217,180,0.453400503778338
NORTE-PACIFICO,2023-03-14,409,254,155,0.378973105134474
NORTE-PACIFICO,2023-03-15,371,309,62,0.16711590296496
NORTE-PACIFICO,2023-03-16,397,336,61,0.153652392947103
NORTE-PACIFICO,2023-03-17,514,432,82,0.159533073929961
NORTE-PACIFICO,2023-03-18,564,473,91,0.161347517730496
NORTE-PACIFICO,2023-03-19,404,340,64,0.158415841584158
NORTE-PACIFICO,2023-03-20,450,373,77,0.171111111111111
NORTE-PACIFICO,2023-03-21,365,316,49,0.134246575342466
NORTE-PACIFICO,2023-03-22,406,352,54,0.133004926108374
NORTE-PACIFICO,2023-03-23,426,368,58,0.136150234741784
NORTE-PACIFICO,2023-03-24,487,428,59,0.121149897330595
NORTE-PACIFICO,2023-03-25,572,507,65,0.113636363636364
NORTE-PACIFICO,2023-03-26,459,404,55,0.119825708061002
NORTE-PACIFICO,2023-03-27,354,320,34,0.096045197740113
NORTE-PACIFICO,2023-03-28,395,356,39,0.0987341772151899
NORTE-PACIFICO,2023-03-29,428,390,38,0.088785046728972
NORTE-PACIFICO,2023-03-30,488,444,44,0.0901639344262295
NORTE-PACIFICO,2023-03-31,559,506,53,0.0948121645796064
NORTE-PACIFICO,2023-04-01,574,522,52,0.0905923344947735
NORTE-PACIFICO,2023-04-02,360,329,31,0.0861111111111111
NORTE-PACIFICO,2023-04-03,480,442,38,0.0791666666666667
NORTE-PACIFICO,2023-04-04,496,467,29,0.0584677419354839
NORTE-PACIFICO,2023-04-05,451,416,35,0.0776053215077605
NORTE-PACIFICO,2023-04-06,444,414,30,0.0675675675675676
NORTE-PACIFICO,2023-04-07,388,367,21,0.0541237113402062
NORTE-PACIFICO,2023-04-08,381,362,19,0.0498687664041995
NORTE-PACIFICO,2023-04-09,259,242,17,0.0656370656370656
NORTE-PACIFICO,2023-04-10,400,372,28,0.07
NORTE-PACIFICO,2023-04-11,450,418,32,0.0711111111111111
NORTE-PACIFICO,2023-04-12,446,422,24,0.0538116591928251
NORTE-PACIFICO,2023-04-13,445,426,19,0.0426966292134831
NORTE-PACIFICO,2023-04-14,491,454,37,0.0753564154786151
NORTE-PACIFICO,2023-04-15,678,645,33,0.0486725663716814
NORTE-PACIFICO,2023-04-16,550,524,26,0.0472727272727273
NORTE-PACIFICO,2023-04-17,474,453,21,0.0443037974683544
NORTE-PACIFICO,2023-04-18,457,442,15,0.0328227571115974
NORTE-PACIFICO,2023-04-19,429,410,19,0.0442890442890443
NORTE-PACIFICO,2023-04-20,425,404,21,0.0494117647058823
NORTE-PACIFICO,2023-04-21,457,425,32,0.0700218818380744
NORTE-PACIFICO,2023-04-22,544,517,27,0.0496323529411765
NORTE-PACIFICO,2023-04-23,386,365,21,0.0544041450777202
NORTE-PACIFICO,2023-04-24,436,422,14,0.0321100917431193
NORTE-PACIFICO,2023-04-25,564,526,38,0.0673758865248227
NORTE-PACIFICO,2023-04-26,471,434,37,0.0785562632696391
NORTE-PACIFICO,2023-04-27,423,397,26,0.0614657210401891
NORTE-PACIFICO,2023-04-28,555,519,36,0.0648648648648649
NORTE-PACIFICO,2023-04-29,648,603,45,0.0694444444444444
NORTE-PACIFICO,2023-04-30,429,402,27,0.0629370629370629
NORTE-PACIFICO,2023-05-01,361,333,28,0.0775623268698061
NORTE-PACIFICO,2023-05-02,443,422,21,0.0474040632054176
NORTE-PACIFICO,2023-05-03,438,419,19,0.04337899543379
NORTE-PACIFICO,2023-05-04,465,439,26,0.0559139784946237
NORTE-PACIFICO,2023-05-05,499,469,30,0.0601202404809619
NORTE-PACIFICO,2023-05-06,523,497,26,0.0497131931166348
NORTE-PACIFICO,2023-05-07,396,377,19,0.047979797979798
NORTE-PACIFICO,2023-05-08,464,436,28,0.0603448275862069
NORTE-PACIFICO,2023-05-09,511,491,20,0.0391389432485323
NORTE-PACIFICO,2023-05-10,406,389,17,0.041871921182266
NORTE-PACIFICO,2023-05-11,471,453,18,0.0382165605095541
OCCIDENTE-BAJIO,2023-01-02,421,263,158,0.375296912114014
OCCIDENTE-BAJIO,2023-01-03,568,366,202,0.355633802816901
OCCIDENTE-BAJIO,2023-01-04,538,337,201,0.37360594795539
OCCIDENTE-BAJIO,2023-01-05,513,325,188,0.366471734892788
OCCIDENTE-BAJIO,2023-01-06,551,362,189,0.343012704174229
OCCIDENTE-BAJIO,2023-01-07,631,412,219,0.347068145800317
OCCIDENTE-BAJIO,2023-01-08,350,239,111,0.317142857142857
OCCIDENTE-BAJIO,2023-01-09,545,354,191,0.35045871559633
OCCIDENTE-BAJIO,2023-01-10,598,398,200,0.334448160535117
OCCIDENTE-BAJIO,2023-01-11,606,396,210,0.346534653465347
OCCIDENTE-BAJIO,2023-01-12,544,366,178,0.327205882352941
OCCIDENTE-BAJIO,2023-01-13,565,357,208,0.368141592920354
OCCIDENTE-BAJIO,2023-01-14,652,449,203,0.311349693251534
OCCIDENTE-BAJIO,2023-01-15,422,296,126,0.298578199052133
OCCIDENTE-BAJIO,2023-01-16,546,364,182,0.333333333333333
OCCIDENTE-BAJIO,2023-01-17,593,408,185,0.311973018549747
OCCIDENTE-BAJIO,2023-01-18,498,343,155,0.311244979919679
OCCIDENTE-BAJIO,2023-01-19,524,360,164,0.312977099236641
OCCIDENTE-BAJIO,2023-01-20,529,328,201,0.379962192816635
OCCIDENTE-BAJIO,2023-01-21,596,251,345,0.578859060402685
OCCIDENTE-BAJIO,2023-01-22,384,174,210,0.546875
OCCIDENTE-BAJIO,2023-01-23,499,222,277,0.555110220440882
OCCIDENTE-BAJIO,2023-01-24,556,232,324,0.58273381294964
OCCIDENTE-BAJIO,2023-01-25,544,255,289,0.53125
OCCIDENTE-BAJIO,2023-01-26,562,236,326,0.580071174377224
OCCIDENTE-BAJIO,2023-01-27,574,269,305,0.531358885017422
OCCIDENTE-BAJIO,2023-01-28,663,312,351,0.529411764705882
OCCIDENTE-BAJIO,2023-01-29,396,181,215,0.542929292929293
OCCIDENTE-BAJIO,2023-01-30,592,256,336,0.567567567567568
OCCIDENTE-BAJIO,2023-01-31,668,318,350,0.523952095808383
OCCIDENTE-BAJIO,2023-02-01,536,249,287,0.53544776119403
OCCIDENTE-BAJIO,2023-02-02,591,225,366,0.619289340101523
OCCIDENTE-BAJIO,2023-02-03,583,272,311,0.533447684391081
OCCIDENTE-BAJIO,2023-02-04,637,285,352,0.552590266875981
OCCIDENTE-BAJIO,2023-02-05,376,174,202,0.537234042553192
OCCIDENTE-BAJIO,2023-02-06,546,251,295,0.54029304029304
OCCIDENTE-BAJIO,2023-02-07,615,279,336,0.546341463414634
OCCIDENTE-BAJIO,2023-02-08,537,232,305,0.567970204841713
OCCIDENTE-BAJIO,2023-02-09,524,254,270,0.515267175572519
OCCIDENTE-BAJIO,2023-02-10,542,263,279,0.514760147601476
OCCIDENTE-BAJIO,2023-02-11,609,297,312,0.512315270935961
OCCIDENTE-BAJIO,2023-02-12,347,158,189,0.544668587896254
OCCIDENTE-BAJIO,2023-02-13,467,214,253,0.541755888650964
OCCIDENTE-BAJIO,2023-02-14,484,205,279,0.576446280991736
OCCIDENTE-BAJIO,2023-02-15,494,235,259,0.524291497975709
OCCIDENTE-BAJIO,2023-02-16,565,230,335,0.592920353982301
OCCIDENTE-BAJIO,2023-02-17,528,192,336,0.636363636363636
OCCIDENTE-BAJIO,2023-02-18,674,313,361,0.535608308605341
OCCIDENTE-BAJIO,2023-02-19,366,165,201,0.549180327868853
OCCIDENTE-BAJIO,2023-02-20,478,221,257,0.53765690376569
OCCIDENTE-BAJIO,2023-02-21,574,283,291,0.506968641114983
OCCIDENTE-BAJIO,2023-02-22,519,298,221,0.425818882466281
OCCIDENTE-BAJIO,2023-02-23,472,290,182,0.385593220338983
OCCIDENTE-BAJIO,2023-02-24,498,328,170,0.34136546184739
OCCIDENTE-BAJIO,2023-02-25,651,443,208,0.319508448540707
OCCIDENTE-BAJIO,2023-02-26,320,190,130,0.40625
OCCIDENTE-BAJIO,2023-02-27,489,333,156,0.319018404907975
OCCIDENTE-BAJIO,2023-02-28,585,402,183,0.312820512820513
OCCIDENTE-BAJIO,2023-03-01,523,345,178,0.340344168260038
OCCIDENTE-BAJIO,2023-03-02,552,358,194,0.351449275362319
OCCIDENTE-BAJIO,2023-03-03,538,359,179,0.33271375464684
OCCIDENTE-BAJIO,2023-03-04,617,406,211,0.341977309562399
OCCIDENTE-BAJIO,2023-03-05,325,214,111,0.341538461538462
OCCIDENTE-BAJIO,2023-03-06,436,293,143,0.327981651376147
OCCIDENTE-BAJIO,2023-03-07,536,376,160,0.298507462686567
OCCIDENTE-BAJIO,2023-03-08,526,393,133,0.252851711026616
OCCIDENTE-BAJIO,2023-03-09,478,422,56,0.117154811715481
OCCIDENTE-BAJIO,2023-03-10,465,403,62,0.133333333333333
OCCIDENTE-BAJIO,2023-03-11,586,492,94,0.160409556313993
OCCIDENTE-BAJIO,2023-03-12,377,328,49,0.129973474801061
OCCIDENTE-BAJIO,2023-03-13,441,383,58,0.131519274376417
OCCIDENTE-BAJIO,2023-03-14,520,447,73,0.140384615384615
OCCIDENTE-BAJIO,2023-03-15,537,483,54,0.100558659217877
OCCIDENTE-BAJIO,2023-03-16,578,534,44,0.0761245674740484
OCCIDENTE-BAJIO,2023-03-17,681,606,75,0.110132158590308
OCCIDENTE-BAJIO,2023-03-18,829,727,102,0.123039806996381
OCCIDENTE-BAJIO,2023-03-19,506,462,44,0.0869565217391304
OCCIDENTE-BAJIO,2023-03-20,652,588,64,0.098159509202454
OCCIDENTE-BAJIO,2023-03-21,611,565,46,0.0752864157119476
OCCIDENTE-BAJIO,2023-03-22,561,526,35,0.0623885918003565
OCCIDENTE-BAJIO,2023-03-23,519,490,29,0.0558766859344894
OCCIDENTE-BAJIO,2023-03-24,550,515,35,0.0636363636363636
OCCIDENTE-BAJIO,2023-03-25,687,648,39,0.0567685589519651
OCCIDENTE-BAJIO,2023-03-26,451,424,27,0.0598669623059867
OCCIDENTE-BAJIO,2023-03-27,456,431,25,0.0548245614035088
OCCIDENTE-BAJIO,2023-03-28,467,446,21,0.0449678800856531
OCCIDENTE-BAJIO,2023-03-29,551,516,35,0.0635208711433757
OCCIDENTE-BAJIO,2023-03-30,599,554,45,0.0751252086811352
OCCIDENTE-BAJIO,2023-03-31,838,781,57,0.0680190930787589
OCCIDENTE-BAJIO,2023-04-01,680,648,32,0.0470588235294118
OCCIDENTE-BAJIO,2023-04-02,340,325,15,0.0441176470588235
OCCIDENTE-BAJIO,2023-04-03,553,536,17,0.0307414104882459
OCCIDENTE-BAJIO,2023-04-04,632,592,40,0.0632911392405063
OCCIDENTE-BAJIO,2023-04-05,519,472,47,0.0905587668593449
OCCIDENTE-BAJIO,2023-04-06,520,488,32,0.0615384615384615
OCCIDENTE-BAJIO,2023-04-07,396,371,25,0.0631313131313131
OCCIDENTE-BAJIO,2023-04-08,306,293,13,0.042483660130719
OCCIDENTE-BAJIO,2023-04-09,224,216,8,0.0357142857142857
OCCIDENTE-BAJIO,2023-04-10,443,415,28,0.0632054176072235
OCCIDENTE-BAJIO,2023-04-11,513,468,45,0.087719298245614
OCCIDENTE-BAJIO,2023-04-12,507,461,46,0.0907297830374754
OCCIDENTE-BAJIO,2023-04-13,448,412,36,0.0803571428571429
OCCIDENTE-BAJIO,2023-04-14,547,510,37,0.0676416819012797
OCCIDENTE-BAJIO,2023-04-15,764,703,61,0.0798429319371728
OCCIDENTE-BAJIO,2023-04-16,445,421,24,0.0539325842696629
OCCIDENTE-BAJIO,2023-04-17,504,475,29,0.0575396825396825
OCCIDENTE-BAJIO,2023-04-18,551,482,69,0.125226860254083
OCCIDENTE-BAJIO,2023-04-19,517,464,53,0.102514506769826
OCCIDENTE-BAJIO,2023-04-20,502,469,33,0.0657370517928287
OCCIDENTE-BAJIO,2023-04-21,495,450,45,0.0909090909090909
OCCIDENTE-BAJIO,2023-04-22,609,561,48,0.0788177339901478
OCCIDENTE-BAJIO,2023-04-23,379,348,31,0.0817941952506596
OCCIDENTE-BAJIO,2023-04-24,547,508,39,0.0712979890310786
OCCIDENTE-BAJIO,2023-04-25,651,596,55,0.0844854070660522
OCCIDENTE-BAJIO,2023-04-26,586,539,47,0.0802047781569966
OCCIDENTE-BAJIO,2023-04-27,481,445,36,0.0748440748440748
OCCIDENTE-BAJIO,2023-04-28,594,542,52,0.0875420875420875
OCCIDENTE-BAJIO,2023-04-29,733,661,72,0.0982264665757162
OCCIDENTE-BAJIO,2023-04-30,446,407,39,0.0874439461883408
OCCIDENTE-BAJIO,2023-05-01,461,415,46,0.0997830802603037
OCCIDENTE-BAJIO,2023-05-02,541,503,38,0.0702402957486137
OCCIDENTE-BAJIO,2023-05-03,486,445,41,0.0843621399176955
OCCIDENTE-BAJIO,2023-05-04,489,433,56,0.114519427402863
OCCIDENTE-BAJIO,2023-05-05,523,475,48,0.0917782026768642
OCCIDENTE-BAJIO,2023-05-06,561,512,49,0.0873440285204991
OCCIDENTE-BAJIO,2023-05-07,336,317,19,0.056547619047619
OCCIDENTE-BAJIO,2023-05-08,458,418,40,0.0873362445414847
OCCIDENTE-BAJIO,2023-05-09,505,469,36,0.0712871287128713
OCCIDENTE-BAJIO,2023-05-10,426,385,41,0.0962441314553991
OCCIDENTE-BAJIO,2023-05-11,449,415,34,0.0757238307349666
ORIENTE-SUR,2023-01-02,274,197,77,0.281021897810219
ORIENTE-SUR,2023-01-03,406,253,153,0.376847290640394
ORIENTE-SUR,2023-01-04,467,293,174,0.372591006423983
ORIENTE-SUR,2023-01-05,462,302,160,0.346320346320346
ORIENTE-SUR,2023-01-06,439,299,140,0.318906605922551
ORIENTE-SUR,2023-01-07,429,311,118,0.275058275058275
ORIENTE-SUR,2023-01-08,339,223,116,0.342182890855457
ORIENTE-SUR,2023-01-09,409,281,128,0.312958435207824
ORIENTE-SUR,2023-01-10,471,292,179,0.380042462845011
ORIENTE-SUR,2023-01-11,476,308,168,0.352941176470588
ORIENTE-SUR,2023-01-12,421,269,152,0.36104513064133
ORIENTE-SUR,2023-01-13,373,247,126,0.337801608579088
ORIENTE-SUR,2023-01-14,466,303,163,0.349785407725322
ORIENTE-SUR,2023-01-15,388,251,137,0.353092783505155
ORIENTE-SUR,2023-01-16,427,192,235,0.550351288056206
ORIENTE-SUR,2023-01-17,437,209,228,0.521739130434783
ORIENTE-SUR,2023-01-18,402,210,192,0.477611940298507
ORIENTE-SUR,2023-01-19,399,239,160,0.401002506265664
ORIENTE-SUR,2023-01-20,412,226,186,0.451456310679612
ORIENTE-SUR,2023-01-21,448,243,205,0.457589285714286
ORIENTE-SUR,2023-01-22,368,207,161,0.4375
ORIENTE-SUR,2023-01-23,422,221,201,0.476303317535545
ORIENTE-SUR,2023-01-24,394,197,197,0.5
ORIENTE-SUR,2023-01-25,440,237,203,0.461363636363636
ORIENTE-SUR,2023-01-26,386,189,197,0.510362694300518
ORIENTE-SUR,2023-01-27,381,196,185,0.485564304461942
ORIENTE-SUR,2023-01-28,424,218,206,0.485849056603774
ORIENTE-SUR,2023-01-29,369,174,195,0.528455284552846
ORIENTE-SUR,2023-01-30,383,189,194,0.506527415143603
ORIENTE-SUR,2023-01-31,479,246,233,0.48643006263048
ORIENTE-SUR,2023-02-01,466,230,236,0.506437768240343
ORIENTE-SUR,2023-02-02,461,242,219,0.475054229934924
ORIENTE-SUR,2023-02-03,449,214,235,0.523385300668151
ORIENTE-SUR,2023-02-04,522,255,267,0.511494252873563
ORIENTE-SUR,2023-02-05,379,180,199,0.525065963060686
ORIENTE-SUR,2023-02-06,437,203,234,0.535469107551487
ORIENTE-SUR,2023-02-07,395,202,193,0.488607594936709
ORIENTE-SUR,2023-02-08,437,235,202,0.462242562929062
ORIENTE-SUR,2023-02-09,402,210,192,0.477611940298507
ORIENTE-SUR,2023-02-10,408,205,203,0.497549019607843
ORIENTE-SUR,2023-02-11,462,239,223,0.482683982683983
ORIENTE-SUR,2023-02-12,341,165,176,0.516129032258065
ORIENTE-SUR,2023-02-13,364,178,186,0.510989010989011
ORIENTE-SUR,2023-02-14,400,178,222,0.555
ORIENTE-SUR,2023-02-15,432,205,227,0.525462962962963
ORIENTE-SUR,2023-02-16,443,212,231,0.521444695259594
ORIENTE-SUR,2023-02-17,378,182,196,0.518518518518518
ORIENTE-SUR,2023-02-18,451,243,208,0.46119733924612
ORIENTE-SUR,2023-02-19,357,163,194,0.543417366946779
ORIENTE-SUR,2023-02-20,388,211,177,0.456185567010309
ORIENTE-SUR,2023-02-21,427,239,188,0.440281030444965
ORIENTE-SUR,2023-02-22,383,203,180,0.469973890339426
ORIENTE-SUR,2023-02-23,403,233,170,0.421836228287841
ORIENTE-SUR,2023-02-24,450,276,174,0.386666666666667
ORIENTE-SUR,2023-02-25,465,283,182,0.391397849462366
ORIENTE-SUR,2023-02-26,361,214,147,0.407202216066482
ORIENTE-SUR,2023-02-27,462,260,202,0.437229437229437
ORIENTE-SUR,2023-02-28,457,263,194,0.424507658643326
ORIENTE-SUR,2023-03-01,424,225,199,0.469339622641509
ORIENTE-SUR,2023-03-02,379,217,162,0.427440633245383
ORIENTE-SUR,2023-03-03,404,261,143,0.353960396039604
ORIENTE-SUR,2023-03-04,463,251,212,0.457883369330454
ORIENTE-SUR,2023-03-05,322,181,141,0.437888198757764
ORIENTE-SUR,2023-03-06,404,253,151,0.373762376237624
ORIENTE-SUR,2023-03-07,432,284,148,0.342592592592593
ORIENTE-SUR,2023-03-08,438,320,118,0.269406392694064
ORIENTE-SUR,2023-03-09,401,320,81,0.201995012468828
ORIENTE-SUR,2023-03-10,392,339,53,0.135204081632653
ORIENTE-SUR,2023-03-11,452,379,73,0.161504424778761
ORIENTE-SUR,2023-03-12,354,292,62,0.175141242937853
ORIENTE-SUR,2023-03-13,404,339,65,0.160891089108911
ORIENTE-SUR,2023-03-14,413,361,52,0.12590799031477
ORIENTE-SUR,2023-03-15,451,398,53,0.117516629711752
ORIENTE-SUR,2023-03-16,518,479,39,0.0752895752895753
ORIENTE-SUR,2023-03-17,568,496,72,0.126760563380282
ORIENTE-SUR,2023-03-18,648,587,61,0.0941358024691358
ORIENTE-SUR,2023-03-19,440,393,47,0.106818181818182
ORIENTE-SUR,2023-03-20,558,504,54,0.0967741935483871
ORIENTE-SUR,2023-03-21,533,502,31,0.0581613508442777
ORIENTE-SUR,2023-03-22,457,430,27,0.0590809628008753
ORIENTE-SUR,2023-03-23,470,449,21,0.0446808510638298
ORIENTE-SUR,2023-03-24,498,473,25,0.0502008032128514
ORIENTE-SUR,2023-03-25,513,491,22,0.0428849902534113
ORIENTE-SUR,2023-03-26,416,393,23,0.0552884615384615
ORIENTE-SUR,2023-03-27,365,349,16,0.0438356164383562
ORIENTE-SUR,2023-03-28,389,370,19,0.0488431876606684
ORIENTE-SUR,2023-03-29,440,428,12,0.0272727272727273
ORIENTE-SUR,2023-03-30,505,484,21,0.0415841584158416
ORIENTE-SUR,2023-03-31,673,632,41,0.0609212481426449
ORIENTE-SUR,2023-04-01,538,512,26,0.0483271375464684
ORIENTE-SUR,2023-04-02,347,332,15,0.0432276657060519
ORIENTE-SUR,2023-04-03,492,478,14,0.0284552845528455
ORIENTE-SUR,2023-04-04,462,443,19,0.0411255411255411
ORIENTE-SUR,2023-04-05,386,340,46,0.119170984455959
ORIENTE-SUR,2023-04-06,432,415,17,0.0393518518518519
ORIENTE-SUR,2023-04-07,365,351,14,0.0383561643835616
ORIENTE-SUR,2023-04-08,333,319,14,0.042042042042042
ORIENTE-SUR,2023-04-09,226,219,7,0.0309734513274336
ORIENTE-SUR,2023-04-10,365,343,22,0.0602739726027397
ORIENTE-SUR,2023-04-11,405,377,28,0.0691358024691358
ORIENTE-SUR,2023-04-12,411,375,36,0.0875912408759124
ORIENTE-SUR,2023-04-13,379,364,15,0.0395778364116095
ORIENTE-SUR,2023-04-14,464,438,26,0.0560344827586207
ORIENTE-SUR,2023-04-15,640,597,43,0.0671875
ORIENTE-SUR,2023-04-16,533,517,16,0.0300187617260788
ORIENTE-SUR,2023-04-17,473,454,19,0.040169133192389
ORIENTE-SUR,2023-04-18,403,381,22,0.054590570719603
ORIENTE-SUR,2023-04-19,417,396,21,0.0503597122302158
ORIENTE-SUR,2023-04-20,437,409,28,0.0640732265446224
ORIENTE-SUR,2023-04-21,435,417,18,0.0413793103448276
ORIENTE-SUR,2023-04-22,514,487,27,0.0525291828793774
ORIENTE-SUR,2023-04-23,401,376,25,0.0623441396508728
ORIENTE-SUR,2023-04-24,484,468,16,0.0330578512396694
ORIENTE-SUR,2023-04-25,609,570,39,0.0640394088669951
ORIENTE-SUR,2023-04-26,511,489,22,0.0430528375733855
ORIENTE-SUR,2023-04-27,411,384,27,0.0656934306569343
ORIENTE-SUR,2023-04-28,512,475,37,0.072265625
ORIENTE-SUR,2023-04-29,635,606,29,0.0456692913385827
ORIENTE-SUR,2023-04-30,484,458,26,0.0537190082644628
ORIENTE-SUR,2023-05-01,452,431,21,0.0464601769911504
ORIENTE-SUR,2023-05-02,428,410,18,0.0420560747663551
ORIENTE-SUR,2023-05-03,395,378,17,0.0430379746835443
ORIENTE-SUR,2023-05-04,375,354,21,0.056
ORIENTE-SUR,2023-05-05,440,422,18,0.0409090909090909
ORIENTE-SUR,2023-05-06,477,462,15,0.0314465408805031
ORIENTE-SUR,2023-05-07,298,281,17,0.0570469798657718
ORIENTE-SUR,2023-05-08,350,331,19,0.0542857142857143
ORIENTE-SUR,2023-05-09,443,427,16,0.036117381489842
ORIENTE-SUR,2023-05-10,356,335,21,0.0589887640449438
ORIENTE-SUR,2023-05-11,375,346,29,0.0773333333333333